0.0 0.0 0.0 0.0 0.0 0.20833333333333334 0.25 0.20833333333333334 0.0 0.3333333333333333 0.375 0.16666666666666666 0.0 0.2916666666666667 0.25 0.08333333333333333 0.13541666666666666 
0.0 0.0 0.0 0.0 0.0 0.2916666666666667 0.25 0.0 0.041666666666666664 0.4583333333333333 0.5 0.0 0.16666666666666666 0.3333333333333333 0.375 0.0 0.15104166666666666 
0.0 0.0 0.0 0.0 0.0 0.20833333333333334 0.25 0.20833333333333334 0.0 0.3333333333333333 0.375 0.16666666666666666 0.0 0.2916666666666667 0.20833333333333334 0.08333333333333333 0.1328125 
0.0 0.0 0.0 0.0 0.08333333333333333 0.08333333333333333 0.0 0.0 0.4166666666666667 0.375 0.08333333333333333 0.0 0.4166666666666667 0.375 0.041666666666666664 0.0 0.1171875 
0.0 0.0 0.0 0.0 0.0 0.2916666666666667 0.25 0.0 0.041666666666666664 0.375 0.3333333333333333 0.0 0.08333333333333333 0.2916666666666667 0.2916666666666667 0.0 0.12239583333333333 
0.0 0.0 0.0 0.0 0.0 0.2916666666666667 0.25 0.0 0.041666666666666664 0.375 0.3333333333333333 0.0 0.08333333333333333 0.2916666666666667 0.2916666666666667 0.0 0.12239583333333333 
0.0 0.0 0.0 0.0 0.0 0.20833333333333334 0.25 0.20833333333333334 0.0 0.3333333333333333 0.375 0.16666666666666666 0.0 0.2916666666666667 0.20833333333333334 0.08333333333333333 0.1328125 
0.0 0.0 0.0 0.0 0.0 0.2916666666666667 0.25 0.0 0.041666666666666664 0.375 0.3333333333333333 0.0 0.08333333333333333 0.2916666666666667 0.2916666666666667 0.0 0.12239583333333333 
0.0 0.0 0.0 0.0 0.0 0.0 0.0 0.0 0.25 0.3333333333333333 0.08333333333333333 0.0 0.4166666666666667 0.3333333333333333 0.041666666666666664 0.0 0.09114583333333333 
0.0 0.0 0.0 0.0 0.041666666666666664 0.375 0.125 0.0 0.20833333333333334 0.3333333333333333 0.20833333333333334 0.0 0.375 0.20833333333333334 0.16666666666666666 0.0 0.12760416666666666 
0.0 0.0 0.0 0.0 0.041666666666666664 0.2916666666666667 0.125 0.0 0.25 0.3333333333333333 0.20833333333333334 0.0 0.375 0.20833333333333334 0.16666666666666666 0.0 0.125 
0.0 0.0 0.0 0.0 0.041666666666666664 0.2916666666666667 0.125 0.0 0.25 0.4166666666666667 0.20833333333333334 0.0 0.375 0.25 0.16666666666666666 0.0 0.1328125 
0.0 0.0 0.0 0.0 0.041666666666666664 0.3333333333333333 0.16666666666666666 0.0 0.2916666666666667 0.3333333333333333 0.20833333333333334 0.0 0.4166666666666667 0.20833333333333334 0.16666666666666666 0.0 0.13541666666666666 
0.0 0.0 0.0 0.0 0.0 0.20833333333333334 0.25 0.20833333333333334 0.0 0.3333333333333333 0.375 0.2916666666666667 0.0 0.2916666666666667 0.20833333333333334 0.08333333333333333 0.140625 
0.0 0.0 0.0 0.0 0.041666666666666664 0.3333333333333333 0.16666666666666666 0.0 0.20833333333333334 0.4583333333333333 0.3333333333333333 0.0 0.4583333333333333 0.2916666666666667 0.16666666666666666 0.0 0.15364583333333334 
0.0 0.0 0.0 0.0 0.0 0.0 0.0 0.0 0.2916666666666667 0.3333333333333333 0.08333333333333333 0.0 0.4166666666666667 0.3333333333333333 0.041666666666666664 0.0 0.09375 
0.0 0.0 0.0 0.0 0.0 0.20833333333333334 0.375 0.20833333333333334 0.0 0.3333333333333333 0.5 0.25 0.0 0.2916666666666667 0.25 0.125 0.15885416666666666 
0.0 0.0 0.0 0.0 0.08333333333333333 0.2916666666666667 0.375 0.0 0.20833333333333334 0.375 0.3333333333333333 0.0 0.08333333333333333 0.2916666666666667 0.2916666666666667 0.0 0.14583333333333334 
0.0 0.0 0.0 0.0 0.0 0.08333333333333333 0.0 0.0 0.2916666666666667 0.3333333333333333 0.08333333333333333 0.0 0.5 0.4166666666666667 0.041666666666666664 0.0 0.109375 
0.0 0.0 0.0 0.0 0.0 0.20833333333333334 0.25 0.20833333333333334 0.0 0.3333333333333333 0.375 0.16666666666666666 0.0 0.2916666666666667 0.20833333333333334 0.08333333333333333 0.1328125 
0.0 0.0 0.0 0.0 0.0 0.0 0.0 0.0 0.25 0.3333333333333333 0.08333333333333333 0.0 0.4166666666666667 0.3333333333333333 0.041666666666666664 0.0 0.09114583333333333 
0.0 0.0 0.0 0.0 0.0 0.2916666666666667 0.25 0.0 0.041666666666666664 0.4583333333333333 0.3333333333333333 0.0 0.08333333333333333 0.2916666666666667 0.4166666666666667 0.0 0.13541666666666666 
0.0 0.0 0.0 0.0 0.0 0.2916666666666667 0.25 0.0 0.041666666666666664 0.375 0.3333333333333333 0.0 0.08333333333333333 0.2916666666666667 0.2916666666666667 0.0 0.12239583333333333 
0.0 0.0 0.0 0.0 0.0 0.20833333333333334 0.2916666666666667 0.20833333333333334 0.0 0.3333333333333333 0.4166666666666667 0.16666666666666666 0.0 0.2916666666666667 0.20833333333333334 0.08333333333333333 0.13802083333333334 
0.0 0.0 0.0 0.0 0.041666666666666664 0.2916666666666667 0.125 0.0 0.20833333333333334 0.3333333333333333 0.20833333333333334 0.0 0.375 0.20833333333333334 0.16666666666666666 0.0 0.12239583333333333 
0.0 0.0 0.0 0.0 0.0 0.20833333333333334 0.25 0.20833333333333334 0.0 0.3333333333333333 0.375 0.16666666666666666 0.0 0.2916666666666667 0.20833333333333334 0.08333333333333333 0.1328125 
0.0 0.0 0.0 0.0 0.0 0.2916666666666667 0.25 0.0 0.041666666666666664 0.5416666666666666 0.4583333333333333 0.0 0.08333333333333333 0.2916666666666667 0.3333333333333333 0.0 0.14322916666666666 
0.0 0.0 0.0 0.0 0.0 0.0 0.0 0.0 0.25 0.3333333333333333 0.08333333333333333 0.0 0.4166666666666667 0.3333333333333333 0.041666666666666664 0.0 0.09114583333333333 
0.0 0.0 0.0 0.0 0.041666666666666664 0.2916666666666667 0.125 0.0 0.25 0.3333333333333333 0.20833333333333334 0.0 0.375 0.20833333333333334 0.16666666666666666 0.0 0.125 
0.0 0.0 0.0 0.0 0.0 0.0 0.0 0.0 0.2916666666666667 0.3333333333333333 0.08333333333333333 0.0 0.5416666666666666 0.5 0.08333333333333333 0.0 0.11458333333333333 
0.0 0.0 0.0 0.0 0.0 0.20833333333333334 0.25 0.20833333333333334 0.0 0.3333333333333333 0.375 0.16666666666666666 0.0 0.2916666666666667 0.20833333333333334 0.08333333333333333 0.1328125 
0.0 0.0 0.0 0.0 0.0 0.2916666666666667 0.25 0.0 0.041666666666666664 0.375 0.4583333333333333 0.0 0.08333333333333333 0.2916666666666667 0.2916666666666667 0.0 0.13020833333333334 
0.0 0.0 0.0 0.0 0.0 0.0 0.0 0.0 0.25 0.3333333333333333 0.08333333333333333 0.0 0.4166666666666667 0.3333333333333333 0.041666666666666664 0.0 0.09114583333333333 
0.0 0.0 0.0 0.0 0.0 0.20833333333333334 0.25 0.20833333333333334 0.0 0.375 0.4166666666666667 0.2916666666666667 0.0 0.2916666666666667 0.20833333333333334 0.125 0.1484375 
0.0 0.0 0.0 0.0 0.0 0.20833333333333334 0.25 0.20833333333333334 0.0 0.3333333333333333 0.4166666666666667 0.20833333333333334 0.0 0.2916666666666667 0.20833333333333334 0.08333333333333333 0.13802083333333334 
