0 0 0 0 0 4 6 5 3 2 6 8 3 1 1 0 0 0 0 4 4 3 4 5 4 2 2 2 9 0 0 0 0 0 0 
4 2 2 3 4 6 4 4 4 8 5 2 2 0 0 0 0 0 0 2 3 1 4 7 7 8 6 6 4 1 1 0 0 0 0 
0 0 0 0 1 5 7 6 4 4 8 7 2 1 1 0 0 0 0 4 8 9 4 3 4 2 4 4 4 0 0 0 0 0 0 
6 4 5 4 5 6 6 5 1 1 1 1 1 1 2 0 0 0 0 0 0 0 6 5 5 6 8 7 5 4 3 0 0 0 0 
1 2 2 4 7 7 9 6 6 10 6 3 2 1 0 0 0 0 7 6 8 9 4 5 2 2 4 10 2 4 2 0 1 0 0 
2 1 2 2 2 5 5 2 4 7 6 4 0 0 0 0 0 0 0 4 3 3 4 6 3 5 3 2 3 3 2 1 0 0 0 
0 0 0 0 1 4 7 5 3 3 6 7 2 0 0 0 0 0 0 4 4 3 4 5 4 2 4 4 4 0 0 0 0 0 0 
0 0 0 0 2 3 5 2 3 5 3 0 0 0 0 0 0 0 0 4 2 1 3 5 1 0 1 1 0 0 2 3 0 0 0 
4 2 5 3 4 5 5 3 1 0 0 0 0 0 0 0 0 0 0 0 0 0 5 2 3 4 6 4 2 3 2 0 0 0 1 
0 3 4 7 3 1 2 7 5 1 1 1 1 2 2 0 0 0 0 1 9 4 2 4 5 3 3 4 3 1 0 1 0 0 0 
1 3 4 6 4 2 3 5 2 1 0 0 0 0 1 0 0 0 0 0 3 4 1 2 6 6 2 4 4 0 0 0 0 0 0 
2 6 6 7 4 3 4 8 8 2 2 3 4 3 3 0 0 0 0 1 3 3 2 7 6 6 6 4 5 4 5 5 5 2 1 
4 6 6 8 5 6 8 10 7 3 1 1 1 3 2 0 0 0 0 1 8 9 3 4 5 4 3 4 6 8 12 4 0 0 0 
0 0 0 1 2 5 4 3 1 2 6 8 5 3 1 3 2 0 2 7 3 2 4 5 5 1 4 3 0 0 0 0 0 0 0 
2 3 6 7 6 5 7 10 6 2 3 2 1 1 3 3 8 0 0 1 3 5 8 8 5 3 3 6 7 1 0 0 2 1 0 
6 5 7 6 5 7 6 6 2 2 1 1 2 2 2 0 0 0 0 0 0 0 6 5 4 6 8 6 2 3 5 5 1 6 3 
0 0 0 0 0 3 3 6 6 8 8 8 2 2 2 0 0 0 3 5 3 3 6 6 6 5 5 4 2 0 0 0 0 0 0 
5 0 0 2 4 9 7 4 4 8 6 4 1 0 0 0 0 0 1 6 4 5 6 7 4 5 7 9 0 0 0 0 0 0 0 
6 11 8 7 7 8 7 6 3 1 1 1 1 2 2 0 0 0 2 4 4 4 5 6 5 5 6 6 4 3 7 3 2 2 3 
0 0 0 0 0 4 7 5 2 3 6 7 1 0 0 0 0 0 0 4 4 2 4 4 4 2 3 4 4 0 0 0 0 0 0 
6 5 8 5 6 8 7 5 0 0 1 2 1 1 0 0 0 0 0 0 0 0 5 2 2 3 8 6 2 2 5 5 3 6 6 
2 3 4 6 7 10 8 6 6 8 6 2 0 0 1 0 0 0 0 4 4 6 8 7 6 7 6 5 2 2 0 1 5 3 3 
0 0 1 4 7 8 6 6 6 9 8 3 1 2 2 0 1 4 9 8 4 3 6 5 5 4 3 6 0 0 0 0 0 3 2 
2 2 2 2 3 6 9 7 4 4 7 8 5 2 3 0 0 0 1 4 6 4 6 5 5 6 7 5 5 2 0 2 3 4 1 
0 5 3 6 6 4 2 4 4 0 0 0 2 2 2 0 0 3 0 0 3 3 1 3 7 6 3 3 3 1 1 2 1 0 0 
0 0 0 0 0 4 8 6 4 5 7 8 2 0 0 0 0 0 7 4 3 3 4 5 4 2 3 4 4 0 0 0 0 0 1 
0 0 1 3 5 8 6 3 3 7 6 2 0 0 0 0 0 0 6 5 3 2 3 6 9 5 3 2 0 0 0 0 0 0 0 
5 3 6 5 4 6 5 4 2 0 0 1 2 1 0 0 0 0 0 0 0 0 6 3 3 7 7 7 2 3 6 0 0 0 0 
1 3 3 5 4 2 3 5 6 1 0 0 0 1 2 0 0 0 0 0 2 3 2 4 3 6 6 4 4 1 0 0 1 0 0 
5 3 5 2 4 6 5 7 3 3 3 3 4 4 4 0 0 0 0 0 0 0 6 2 4 4 8 10 11 9 6 1 0 0 0 
0 0 0 0 0 1 6 4 0 2 6 7 1 0 0 0 0 0 0 2 4 2 4 4 2 1 2 2 0 0 0 0 0 2 2 
3 2 2 4 6 6 5 5 4 8 6 3 2 1 1 0 0 0 4 8 6 5 6 8 7 4 3 4 0 0 0 0 0 0 3 
2 3 7 4 3 5 5 3 0 0 0 0 0 1 3 0 0 2 3 2 1 0 5 2 2 4 5 4 2 2 2 0 0 0 0 
0 0 0 0 1 4 7 6 6 6 6 8 7 7 10 0 0 0 0 5 6 5 8 9 10 8 6 5 5 1 0 0 0 0 0 
0 0 0 0 1 4 7 5 4 6 6 8 4 4 2 0 0 0 1 5 5 5 8 9 4 2 4 4 4 0 0 0 0 0 0 
