0 0 0 0 0 4 6 8 6 3 1 0 0 0 0 0 0 1 3 2 1 1 2 1 4 4 4 3 2 0 0 0 0 0 0 
3 4 6 10 6 2 2 2 2 2 2 1 0 0 0 0 0 0 0 0 1 2 2 2 2 2 3 5 4 5 5 4 2 2 1 
5 7 9 12 6 3 2 2 1 0 0 0 0 1 0 0 0 0 0 0 0 2 1 2 4 7 7 4 4 5 6 4 1 0 1 
4 4 3 6 6 7 8 6 3 2 2 2 2 3 4 0 0 0 0 4 2 2 1 4 4 2 4 4 6 7 6 7 3 4 2 
0 0 0 0 0 1 5 8 4 5 7 6 3 3 4 0 1 3 5 5 5 4 5 3 3 3 4 4 1 0 0 0 0 0 0 
0 0 0 0 1 5 9 9 7 3 1 0 0 0 0 0 0 1 3 2 2 2 2 3 4 4 5 3 3 1 0 0 0 0 0 
0 0 0 0 0 4 8 10 7 4 4 2 1 1 1 0 0 1 3 2 1 2 2 3 4 5 6 6 5 1 1 0 0 0 0 
0 0 0 2 5 6 8 10 9 5 6 2 3 3 3 0 0 0 5 4 5 5 4 6 6 8 9 8 2 0 0 0 0 0 0 
0 1 4 5 10 6 2 0 0 0 0 0 0 1 3 0 0 0 2 2 1 2 4 3 5 3 2 4 2 1 1 0 0 0 0 
6 7 9 10 4 3 3 2 3 3 3 4 1 3 2 6 3 0 0 0 0 2 1 1 1 2 4 4 5 6 7 7 7 5 2 
2 4 5 7 8 8 10 7 5 3 4 3 3 1 1 0 0 0 2 10 11 9 4 4 4 6 11 4 5 1 0 0 0 0 0 
0 0 0 0 0 5 8 9 6 4 3 2 2 3 2 3 1 1 3 2 1 2 2 1 4 5 10 6 3 0 0 0 0 0 0 
4 7 6 9 9 10 7 6 5 2 3 3 4 1 2 0 0 0 0 4 8 6 9 8 4 7 6 5 6 7 6 2 0 0 0 
3 4 5 8 6 4 4 2 3 3 3 2 2 2 2 0 0 0 0 0 0 3 5 4 1 2 3 7 13 9 4 2 0 0 0 
1 2 1 2 1 7 10 11 9 4 4 2 2 0 0 0 0 1 3 2 2 5 5 3 4 4 5 4 5 3 3 2 2 2 1 
0 0 0 1 2 6 6 6 5 3 3 1 2 0 0 0 0 0 3 3 4 4 4 4 2 3 4 4 0 0 0 0 0 0 0 
0 0 1 3 5 7 9 7 6 6 5 3 3 2 1 0 0 1 5 3 4 3 3 4 3 4 4 6 2 0 2 4 4 4 2 
1 2 1 2 6 13 12 9 7 4 5 4 3 2 1 2 1 1 5 4 3 4 5 5 3 3 4 2 4 2 6 3 5 6 4 
1 3 3 2 8 7 8 7 7 6 5 3 7 5 4 0 0 0 5 5 4 6 5 4 3 7 8 8 12 4 0 0 2 1 2 
5 5 8 10 6 3 4 2 2 1 1 1 3 4 2 0 0 0 0 0 3 4 2 2 4 6 7 4 4 4 6 4 0 4 3 
1 1 5 6 7 5 1 2 1 0 0 0 0 1 2 0 0 0 0 0 0 2 4 4 4 3 3 5 2 3 2 0 0 0 0 
0 0 0 1 2 4 6 6 5 3 3 2 1 2 3 0 0 0 5 8 5 2 3 3 2 3 3 3 0 0 0 1 0 0 0 
0 0 0 0 1 2 4 7 9 6 4 3 1 2 1 0 0 0 5 3 1 2 3 3 5 5 4 5 3 1 0 0 0 0 0 
0 0 0 0 1 2 4 8 6 4 3 3 3 3 1 0 0 0 5 3 2 2 3 3 4 4 3 5 4 0 0 0 0 0 0 
2 3 3 5 11 8 1 2 0 0 1 2 2 3 4 0 0 0 2 2 2 1 2 3 3 3 4 5 4 5 2 0 3 2 4 
1 2 4 4 6 7 9 9 10 7 5 4 4 0 0 0 0 0 3 3 4 3 3 4 3 4 6 10 5 11 5 6 2 0 0 
0 1 4 5 6 6 5 3 2 1 1 0 0 3 3 2 0 0 0 3 1 2 1 4 5 4 5 6 7 0 0 0 0 0 0 
2 5 6 6 10 10 5 2 2 1 0 0 0 2 3 0 0 0 2 2 2 1 2 6 5 5 4 6 3 7 3 0 0 3 3 
2 3 6 4 4 3 7 5 6 5 2 6 5 3 3 0 0 0 0 6 5 3 5 4 8 10 9 4 5 4 1 0 0 0 0 
0 0 0 0 0 1 4 9 6 5 5 3 3 3 3 0 0 0 5 6 5 3 3 3 3 3 3 3 5 0 0 0 0 0 0 
0 0 0 0 3 5 6 7 5 3 2 1 2 2 3 0 0 0 6 6 3 2 3 4 2 4 4 4 0 0 0 0 0 0 1 
0 0 0 1 1 4 8 9 7 5 5 2 2 1 2 0 0 1 3 2 2 5 9 5 7 4 4 3 2 0 0 0 0 0 0 
0 0 0 0 0 2 4 4 4 2 0 0 0 0 0 0 0 0 0 1 0 0 1 2 3 3 4 2 0 0 0 0 0 0 0 
4 6 8 10 11 10 9 7 6 7 5 7 6 7 7 0 0 0 0 0 1 4 6 6 6 8 11 14 14 8 7 6 7 5 7 
4 5 9 9 10 10 6 3 1 2 2 2 4 2 2 0 0 0 0 0 1 4 7 11 6 4 7 7 6 7 6 2 0 0 3 
1 1 0 1 3 8 8 6 5 6 6 3 4 4 2 0 0 1 6 3 5 4 3 6 4 5 6 7 3 2 0 1 1 0 1 
1 3 6 7 10 7 2 1 2 1 0 0 3 5 4 1 3 0 3 2 1 1 2 1 4 3 4 5 6 5 5 3 3 0 0 
3 4 6 9 5 2 1 0 0 0 0 0 0 0 0 0 0 0 0 0 2 2 1 1 1 2 3 4 3 3 5 3 0 0 0 
0 0 0 1 2 7 8 8 6 3 3 4 4 2 1 0 0 5 7 3 2 2 4 4 4 6 6 6 0 0 0 0 0 0 0 
2 5 6 10 6 2 0 0 0 0 0 0 0 0 0 0 0 0 0 0 0 2 1 2 5 5 3 6 4 1 1 1 0 0 0 
0 0 1 3 5 6 9 7 5 6 7 7 7 6 5 0 0 1 6 4 6 7 6 6 10 9 8 7 3 0 1 0 0 0 0 
4 7 5 6 6 7 4 4 2 2 3 3 2 0 0 0 0 0 0 2 3 3 8 6 7 5 4 4 3 3 4 2 1 0 0 
0 0 0 0 0 5 8 9 6 4 3 4 3 2 2 0 0 1 3 2 1 2 3 2 4 4 4 3 6 8 3 0 0 0 0 
3 4 6 8 4 0 0 0 0 0 1 2 1 1 0 0 0 0 0 0 1 2 1 2 1 2 3 4 8 4 1 1 0 0 0 
0 0 1 0 0 2 7 8 6 3 2 3 2 2 4 2 3 2 3 2 1 2 2 3 3 3 4 2 0 0 2 4 1 0 1 
2 4 6 8 7 8 6 5 2 3 3 2 1 2 2 0 0 0 0 0 1 4 5 4 4 4 4 5 7 8 10 4 1 0 0 
0 0 2 1 0 1 4 8 6 4 3 5 2 3 3 0 0 0 5 4 2 4 4 4 4 4 3 5 0 0 0 0 0 1 2 
0 0 0 0 0 2 7 8 7 4 2 2 1 0 0 0 0 0 2 2 2 5 4 3 3 3 4 2 0 0 0 0 0 1 2 
1 2 0 2 5 6 9 7 6 4 5 6 5 5 5 0 0 3 6 3 4 2 4 6 4 6 7 10 2 0 2 3 3 3 0 
0 0 0 2 3 6 10 9 6 5 3 3 1 0 0 0 0 0 2 2 2 2 3 4 3 4 9 8 1 0 0 0 0 4 4 
0 1 2 1 2 6 9 9 6 5 4 7 4 3 2 0 0 1 3 2 2 7 9 4 4 7 7 7 3 0 0 0 0 1 4 
0 0 3 5 5 7 8 8 5 5 4 3 1 0 1 0 0 2 4 7 4 5 3 5 7 4 6 3 4 0 0 0 0 0 1 
2 4 9 8 9 7 7 6 5 2 2 2 2 2 3 0 0 0 2 8 4 4 3 4 4 6 4 3 6 6 3 2 6 4 1 
2 3 1 0 0 0 2 7 5 3 4 4 2 2 1 0 0 0 0 2 1 2 3 4 4 3 4 5 2 0 0 1 2 1 2 
6 6 6 9 7 5 4 2 2 4 3 3 3 3 1 0 0 0 0 0 0 2 3 4 1 2 3 6 7 6 6 9 7 5 3 
0 0 0 1 5 6 8 4 3 3 2 1 2 1 0 0 0 1 2 1 2 4 4 3 3 4 3 5 1 0 0 0 0 1 2 
1 5 7 8 3 2 2 0 0 0 0 0 2 6 8 0 0 0 0 0 1 4 3 3 4 4 4 4 4 4 4 4 1 0 0 
1 3 4 6 10 10 5 3 0 0 3 4 4 4 2 0 0 0 4 2 2 1 2 3 4 8 6 4 3 1 1 4 5 5 4 
0 1 4 5 10 7 1 2 4 2 0 0 0 0 2 0 0 0 2 2 2 2 5 5 5 3 3 5 3 1 0 0 0 0 0 
0 4 5 5 9 6 1 3 3 1 2 0 0 0 1 1 3 4 5 3 1 1 4 2 4 3 2 4 2 0 1 0 0 0 0 
2 5 9 8 12 10 8 4 6 3 3 5 4 3 3 0 0 0 2 3 5 4 4 6 7 7 7 7 2 0 2 3 5 8 13 
1 3 5 5 10 6 2 1 0 0 0 0 0 1 3 0 0 0 1 2 1 1 2 6 5 4 4 4 2 1 0 1 1 2 0 
5 3 1 5 8 10 12 9 6 6 5 5 3 3 2 1 4 4 6 4 3 4 6 6 6 6 9 12 10 2 0 0 0 0 0 
4 4 3 5 7 8 2 1 1 2 1 1 0 0 0 0 0 0 0 0 0 3 5 4 1 4 4 4 3 3 4 2 0 1 1 
3 9 10 10 11 10 5 3 3 3 3 3 4 3 3 0 0 3 8 4 5 5 8 13 5 3 5 4 4 1 0 0 0 0 15 
0 0 0 6 7 7 7 6 4 4 2 0 0 0 1 0 0 0 2 1 2 3 4 3 3 5 4 5 4 5 1 0 1 0 1 
3 4 7 10 4 2 2 2 2 3 2 1 1 1 0 0 0 0 0 0 2 3 3 4 3 3 5 4 3 1 1 0 0 5 7 
3 7 4 6 7 6 3 3 3 4 2 0 0 0 0 0 0 0 0 0 0 3 3 4 1 3 4 4 3 3 4 2 2 8 4 
0 0 0 0 3 7 8 5 1 0 0 0 1 0 0 0 0 2 2 1 2 2 2 2 3 4 2 2 0 0 0 0 0 1 0 
2 1 1 2 7 7 9 5 4 4 3 2 1 1 2 1 5 6 6 1 2 4 4 3 3 4 3 5 3 0 0 0 1 0 0 
