0 0 0 3 6 4 5 6 6 5 3 0 0 0 0 0 0 0 0 0 3 6 8 2 1 1 1 3 5 5 2 1 0 0 0 
0 0 3 3 1 0 0 1 3 7 4 5 3 2 2 0 0 3 6 5 1 4 1 0 0 5 3 2 3 1 0 0 0 0 0 
4 8 3 3 6 3 2 1 2 1 0 0 1 3 4 0 0 0 0 1 2 0 0 0 2 7 7 6 1 2 3 2 2 1 5 
0 0 0 0 0 3 8 3 2 2 2 2 5 5 2 0 0 0 5 3 2 1 1 2 5 3 3 4 5 0 0 0 0 0 0 
4 8 3 3 4 5 5 9 7 4 4 1 2 4 2 0 0 0 0 0 2 3 3 4 1 1 2 3 4 3 5 9 9 8 8 
1 8 6 3 6 6 5 8 8 5 5 2 1 1 0 0 0 0 0 0 0 0 5 10 3 1 1 5 4 3 2 6 8 7 10 
0 0 0 0 3 4 7 6 4 6 9 4 2 2 3 0 0 0 0 0 0 6 5 3 4 5 2 3 5 5 4 6 1 1 0 
0 2 6 6 4 5 5 5 4 5 2 3 2 4 2 0 0 0 0 2 3 6 4 5 4 6 5 10 6 2 2 0 0 0 0 
2 3 3 3 7 7 5 5 4 2 3 5 3 3 1 0 0 0 6 4 3 2 2 1 4 4 3 5 4 2 3 4 3 4 2 
7 9 6 4 6 6 3 1 0 0 0 0 0 0 0 0 0 0 0 0 0 0 0 0 3 5 4 4 3 2 3 2 3 6 7 
6 7 8 8 6 7 10 7 3 2 2 1 1 1 3 0 0 0 0 0 0 0 6 4 2 4 4 3 5 5 2 6 9 14 8 
9 5 6 3 3 4 3 3 6 6 4 5 3 1 2 0 0 0 2 3 6 6 2 2 2 6 4 6 3 4 3 3 3 4 4 
1 4 7 11 12 10 6 5 11 6 4 0 0 2 1 0 1 3 2 3 2 5 5 6 5 6 4 4 7 10 5 6 3 1 2 
0 0 5 4 2 0 1 2 3 5 4 5 3 5 5 0 0 0 0 0 3 4 3 2 2 5 3 5 8 3 0 1 2 2 1 
4 6 6 6 7 7 4 2 0 0 0 0 0 0 0 0 0 0 0 0 0 0 0 0 4 5 4 2 4 4 8 4 1 1 5 
2 2 4 4 3 0 0 3 5 6 4 4 3 2 3 0 0 0 0 0 5 3 0 0 1 9 13 4 4 3 2 1 0 0 0 
3 7 3 2 1 3 2 5 4 2 3 1 0 0 0 0 0 0 0 0 0 3 6 4 3 1 2 3 4 3 1 3 0 2 1 
0 0 0 0 2 4 9 6 5 5 8 1 0 0 0 0 0 0 0 0 0 1 3 3 2 4 1 3 5 2 4 6 3 1 2 
0 2 6 4 2 4 4 3 0 0 0 0 1 1 1 0 0 0 0 0 0 0 3 4 2 2 1 1 3 2 3 3 2 0 2 
4 6 5 4 3 4 6 8 7 7 5 5 2 4 3 0 0 0 0 0 1 5 6 4 4 10 10 6 3 4 4 0 0 3 13 
7 9 7 6 9 7 5 3 2 2 2 3 2 4 4 0 0 0 0 3 4 2 3 6 7 6 6 3 5 3 6 6 6 1 5 
6 8 5 6 8 7 5 5 3 3 0 0 0 0 0 0 0 0 0 0 0 0 0 0 9 4 3 4 10 5 5 3 4 3 6 
0 0 0 1 3 3 6 6 5 5 8 3 2 2 4 0 0 0 0 0 0 0 2 1 1 5 2 3 6 12 11 5 0 0 0 
4 6 3 3 3 4 2 5 8 7 6 5 5 5 5 0 0 1 7 5 1 4 7 4 5 2 3 4 4 4 5 6 4 4 1 
4 9 6 9 6 2 4 5 5 3 3 2 1 1 0 0 0 1 3 3 1 3 5 5 6 2 2 4 4 4 7 6 1 2 1 
0 0 0 0 5 5 4 3 2 2 3 6 4 1 0 0 0 0 3 1 3 1 4 4 3 3 6 5 2 0 0 0 0 0 0 
0 0 0 0 0 0 5 4 3 3 4 4 6 4 5 0 0 0 4 4 3 2 1 2 3 1 3 5 5 0 0 0 1 2 2 
3 7 5 2 4 3 6 9 4 3 4 1 0 0 0 0 0 2 2 1 0 3 1 2 3 1 2 5 11 4 2 6 4 2 0 
3 6 4 4 1 2 5 6 3 2 4 2 0 1 2 2 1 0 0 0 0 1 10 4 3 1 2 7 8 3 1 2 0 0 0 
5 8 8 8 8 10 8 5 1 1 0 0 0 0 0 0 0 0 0 0 0 0 5 4 2 6 5 5 6 5 3 4 5 3 9 
0 0 0 0 3 6 9 8 7 8 11 6 4 2 3 0 0 0 0 0 9 6 6 3 4 5 2 3 6 4 3 4 4 7 1 
4 6 4 3 4 2 4 6 4 5 3 1 3 2 0 0 0 1 0 0 0 0 4 3 3 6 7 6 3 6 8 4 0 0 0 
0 0 0 0 3 3 7 6 4 6 9 3 1 0 0 0 0 0 0 0 0 6 5 3 3 5 2 3 5 3 3 4 0 0 0 
5 7 5 6 7 8 4 3 3 3 2 1 1 1 0 0 0 0 0 0 0 0 0 0 4 4 4 2 4 3 9 9 6 5 6 
2 2 1 2 5 7 5 7 4 4 4 6 4 5 2 0 0 0 7 4 3 2 4 9 7 2 3 6 4 0 0 2 1 3 3 
0 0 0 0 0 4 8 3 4 3 3 3 6 6 4 0 0 0 5 3 3 1 2 2 5 3 3 5 5 0 0 0 0 0 7 
2 1 0 0 5 6 2 4 2 2 2 5 3 2 0 0 0 0 6 3 2 2 2 1 4 4 2 5 3 0 0 0 0 0 2 
1 3 4 10 9 11 9 5 7 4 3 2 2 4 1 0 0 0 0 0 2 9 9 7 8 6 4 4 5 4 4 4 3 2 4 
3 1 0 2 5 3 1 2 2 4 2 4 3 3 1 2 3 3 2 4 3 3 3 1 4 2 3 2 1 0 0 0 0 0 0 
4 7 5 4 5 4 4 5 5 3 2 1 0 0 0 0 0 0 0 0 0 0 5 10 4 3 3 5 6 4 2 0 0 3 4 
2 3 2 2 7 6 3 3 3 2 3 7 7 3 2 0 0 0 7 9 4 5 4 4 3 3 3 9 4 0 0 0 0 0 0 
1 1 3 5 8 8 5 3 8 6 2 1 0 1 1 0 0 0 2 0 0 7 4 4 4 3 1 3 5 5 5 7 1 2 0 
2 4 1 0 3 3 1 0 0 0 1 4 2 3 3 0 0 0 0 1 1 1 2 1 4 2 1 2 2 2 2 4 1 1 0 
5 7 7 7 5 6 7 4 1 0 0 1 2 1 3 0 0 0 0 0 0 0 6 4 2 6 6 5 8 5 3 5 5 1 0 
0 0 0 0 6 6 3 2 1 2 4 5 5 4 4 0 0 0 6 5 3 2 2 1 4 8 6 4 1 0 0 0 0 0 0 
7 10 7 9 10 10 9 7 6 4 4 6 7 5 2 0 0 0 0 2 7 4 6 2 6 6 9 14 7 12 7 7 5 3 6 
0 0 0 0 6 7 3 3 2 4 5 8 5 4 4 0 0 0 6 4 2 5 5 3 3 4 4 5 3 2 2 2 1 0 0 
0 0 0 1 6 4 2 1 1 0 2 5 3 1 0 0 0 0 2 1 3 3 2 4 4 3 2 2 0 0 0 0 0 0 0 
0 0 2 4 7 7 4 2 8 5 3 1 0 0 0 0 0 0 0 0 0 3 5 4 4 3 3 3 5 4 3 6 0 0 0 
0 8 3 3 5 3 6 8 8 6 3 4 2 3 4 0 0 0 1 4 9 9 7 3 2 3 4 6 6 5 2 2 0 1 2 
3 6 4 4 3 3 4 5 5 3 3 1 1 0 0 0 0 0 0 0 0 1 10 5 1 1 2 4 4 5 6 6 0 0 0 
2 2 3 4 7 5 2 0 0 0 2 6 3 0 0 0 0 0 6 6 4 3 5 3 3 2 2 2 0 0 0 0 0 0 0 
3 5 1 1 2 1 2 4 4 1 0 0 1 1 0 0 0 0 0 0 0 0 0 0 0 1 1 3 4 4 7 4 0 0 2 
0 0 0 0 1 3 8 5 2 2 2 2 3 5 4 0 0 0 5 4 3 2 1 3 5 5 2 3 4 0 0 0 0 0 0 
0 0 2 4 7 7 5 5 8 6 2 1 0 0 0 0 0 0 0 0 0 7 4 4 4 4 1 4 5 4 4 6 0 0 0 
2 5 6 7 4 6 12 7 4 2 3 1 2 1 2 0 0 1 4 8 6 5 7 4 3 4 1 2 3 4 3 4 5 0 0 
5 5 5 6 5 4 4 7 5 2 4 2 0 2 1 0 0 0 0 0 0 3 5 4 3 10 2 3 4 4 4 6 7 2 0 
0 0 0 0 3 6 7 6 4 6 8 4 0 0 0 0 0 0 0 0 0 3 5 3 5 5 2 4 6 4 3 4 0 0 0 
2 1 7 4 3 2 2 4 7 8 7 5 3 0 3 0 0 0 5 11 10 7 3 2 1 5 3 3 3 1 1 0 0 1 2 
5 8 6 4 2 3 4 6 5 6 5 3 2 1 3 0 0 0 0 0 0 2 11 15 8 1 2 6 4 8 3 3 0 0 0 
2 5 5 4 2 0 1 2 2 4 2 1 0 0 1 0 0 0 0 0 1 2 1 2 3 8 4 3 4 3 0 0 0 0 0 
5 8 7 6 8 8 6 5 3 3 2 4 4 4 3 0 0 0 0 4 2 0 1 7 12 6 5 12 9 4 3 3 2 1 5 
0 0 0 0 4 4 2 2 1 0 1 4 2 1 0 0 0 0 2 2 2 1 2 1 4 4 1 2 0 0 0 0 0 0 0 
0 0 0 2 1 0 5 4 3 1 0 1 4 4 4 0 0 0 0 3 2 1 1 1 3 2 6 5 2 0 0 0 0 1 2 
1 0 4 4 3 0 2 2 5 6 5 4 3 3 4 0 0 0 0 0 0 2 1 0 0 5 3 2 5 8 7 3 4 1 5 
0 0 1 2 6 7 9 6 5 6 9 2 1 0 0 0 0 0 0 2 1 8 5 3 4 5 2 3 6 4 2 4 4 1 0 
2 2 0 0 5 6 4 2 0 2 3 4 5 5 2 0 0 0 3 5 4 2 2 2 4 6 4 5 1 0 0 1 0 1 2 
2 1 2 2 5 5 3 3 3 3 3 6 3 5 2 1 2 7 7 3 2 1 2 4 6 4 3 2 2 0 0 2 0 0 0 
3 4 6 6 6 6 6 5 2 1 2 1 2 4 5 0 0 0 2 1 0 0 5 3 3 5 6 5 4 8 6 6 5 0 0 
4 6 5 5 7 5 3 3 1 1 0 0 0 0 0 0 0 0 0 0 0 0 0 0 4 4 6 4 4 2 3 2 1 2 8 
3 3 4 5 7 7 3 3 8 6 3 1 0 0 0 0 0 0 0 0 0 3 5 4 4 4 4 10 7 4 3 3 0 0 2 
4 1 3 4 9 10 6 4 8 5 2 1 1 1 1 0 1 0 3 0 0 4 5 4 4 3 1 3 8 10 7 7 0 0 0 
7 8 8 8 9 8 4 3 1 1 1 1 2 4 5 0 0 0 4 9 6 2 1 2 5 5 4 8 5 3 6 2 2 1 5 
0 0 5 5 2 2 2 3 4 7 4 4 2 0 1 0 0 0 0 2 4 4 3 2 2 6 3 3 3 2 0 0 2 3 2 
4 7 5 6 4 5 5 8 5 5 8 5 1 1 0 0 0 0 0 0 0 3 6 4 3 1 2 9 11 8 2 8 5 5 2 
