0.0 0.0 0.0 0.0 0.0 0.3333333333333333 0.25 0.0 0.0 0.125 0.3333333333333333 0.0 0.125 0.2916666666666667 0.2916666666666667 0.0 0.109375 
0.0 0.0 0.0 0.0 0.0 0.041666666666666664 0.08333333333333333 0.0 0.0 0.2916666666666667 0.2916666666666667 0.0 0.0 0.20833333333333334 0.25 0.0 0.07291666666666667 
0.0 0.0 0.0 0.0 0.041666666666666664 0.125 0.0 0.0 0.3333333333333333 0.125 0.125 0.0 0.08333333333333333 0.3333333333333333 0.0 0.0 0.07291666666666667 
0.0 0.0 0.0 0.0 0.0 0.0 0.0 0.0 0.125 0.2916666666666667 0.0 0.0 0.16666666666666666 0.3333333333333333 0.0 0.0 0.057291666666666664 
0.0 0.0 0.0 0.0 0.0 0.125 0.041666666666666664 0.0 0.0 0.4166666666666667 0.08333333333333333 0.0 0.08333333333333333 0.4583333333333333 0.0 0.0 0.07552083333333333 
0.0 0.0 0.0 0.0 0.0 0.3333333333333333 0.2916666666666667 0.0 0.041666666666666664 0.20833333333333334 0.3333333333333333 0.0 0.125 0.2916666666666667 0.2916666666666667 0.0 0.11979166666666667 
0.0 0.0 0.0 0.0 0.041666666666666664 0.125 0.0 0.0 0.3333333333333333 0.125 0.125 0.0 0.08333333333333333 0.3333333333333333 0.0 0.0 0.07291666666666667 
0.0 0.0 0.0 0.0 0.0 0.125 0.041666666666666664 0.0 0.0 0.375 0.08333333333333333 0.0 0.08333333333333333 0.4583333333333333 0.0 0.0 0.07291666666666667 
0.0 0.0 0.0 0.0 0.0 0.0 0.0 0.0 0.125 0.2916666666666667 0.0 0.041666666666666664 0.16666666666666666 0.3333333333333333 0.0 0.0 0.059895833333333336 
0.0 0.0 0.0 0.0 0.041666666666666664 0.125 0.0 0.0 0.3333333333333333 0.25 0.16666666666666666 0.0 0.08333333333333333 0.3333333333333333 0.0 0.0 0.08333333333333333 
0.0 0.0 0.0 0.0 0.0 0.125 0.041666666666666664 0.0 0.0 0.375 0.08333333333333333 0.0 0.08333333333333333 0.4583333333333333 0.0 0.0 0.07291666666666667 
0.0 0.0 0.0 0.0 0.0 0.25 0.25 0.16666666666666666 0.0 0.125 0.375 0.08333333333333333 0.0 0.20833333333333334 0.20833333333333334 0.125 0.11197916666666667 
0.0 0.0 0.0 0.0 0.0 0.041666666666666664 0.08333333333333333 0.0 0.0 0.2916666666666667 0.2916666666666667 0.0 0.0 0.20833333333333334 0.25 0.0 0.07291666666666667 
0.0 0.0 0.0 0.0 0.0 0.25 0.20833333333333334 0.16666666666666666 0.0 0.125 0.4166666666666667 0.08333333333333333 0.0 0.20833333333333334 0.20833333333333334 0.08333333333333333 0.109375 
0.0 0.0 0.0 0.0 0.0 0.0 0.0 0.0 0.125 0.2916666666666667 0.0 0.0 0.16666666666666666 0.3333333333333333 0.0 0.0 0.057291666666666664 
0.0 0.0 0.0 0.0 0.0 0.125 0.041666666666666664 0.0 0.0 0.375 0.08333333333333333 0.0 0.08333333333333333 0.5 0.0 0.0 0.07552083333333333 
0.0 0.0 0.0 0.0 0.0 0.041666666666666664 0.08333333333333333 0.0 0.0 0.2916666666666667 0.2916666666666667 0.0 0.0 0.20833333333333334 0.25 0.0 0.07291666666666667 
0.0 0.0 0.0 0.0 0.041666666666666664 0.16666666666666666 0.0 0.0 0.3333333333333333 0.20833333333333334 0.16666666666666666 0.0 0.08333333333333333 0.3333333333333333 0.0 0.0 0.08333333333333333 
0.0 0.0 0.0 0.0 0.0 0.3333333333333333 0.25 0.0 0.0 0.125 0.3333333333333333 0.0 0.125 0.2916666666666667 0.2916666666666667 0.0 0.109375 
0.0 0.0 0.0 0.0 0.0 0.041666666666666664 0.08333333333333333 0.0 0.0 0.2916666666666667 0.2916666666666667 0.0 0.0 0.20833333333333334 0.25 0.0 0.07291666666666667 
0.0 0.0 0.0 0.0 0.0 0.041666666666666664 0.08333333333333333 0.0 0.0 0.2916666666666667 0.2916666666666667 0.0 0.0 0.20833333333333334 0.2916666666666667 0.0 0.07552083333333333 
0.0 0.0 0.0 0.0 0.041666666666666664 0.25 0.20833333333333334 0.0 0.041666666666666664 0.375 0.041666666666666664 0.0 0.20833333333333334 0.25 0.16666666666666666 0.0 0.09895833333333333 
0.0 0.0 0.0 0.0 0.0 0.3333333333333333 0.25 0.0 0.0 0.125 0.3333333333333333 0.0 0.125 0.2916666666666667 0.2916666666666667 0.0 0.109375 
0.0 0.0 0.0 0.0 0.125 0.125 0.0 0.0 0.3333333333333333 0.125 0.125 0.0 0.08333333333333333 0.3333333333333333 0.0 0.0 0.078125 
0.0 0.0 0.0 0.0 0.0 0.041666666666666664 0.08333333333333333 0.0 0.0 0.2916666666666667 0.2916666666666667 0.0 0.0 0.20833333333333334 0.25 0.0 0.07291666666666667 
0.0 0.0 0.0 0.0 0.0 0.3333333333333333 0.25 0.0 0.0 0.125 0.3333333333333333 0.0 0.125 0.2916666666666667 0.2916666666666667 0.0 0.109375 
0.0 0.0 0.0 0.0 0.0 0.125 0.041666666666666664 0.0 0.0 0.375 0.08333333333333333 0.0 0.08333333333333333 0.4583333333333333 0.0 0.0 0.07291666666666667 
0.0 0.0 0.0 0.0 0.041666666666666664 0.125 0.0 0.0 0.3333333333333333 0.125 0.125 0.0 0.08333333333333333 0.3333333333333333 0.0 0.0 0.07291666666666667 
0.0 0.0 0.0 0.0 0.0 0.041666666666666664 0.08333333333333333 0.0 0.0 0.2916666666666667 0.2916666666666667 0.0 0.0 0.20833333333333334 0.25 0.0 0.07291666666666667 
0.0 0.0 0.0 0.0 0.0 0.25 0.20833333333333334 0.16666666666666666 0.0 0.125 0.375 0.08333333333333333 0.0 0.20833333333333334 0.20833333333333334 0.08333333333333333 0.10677083333333333 
0.0 0.0 0.0 0.0 0.0 0.25 0.125 0.125 0.0 0.125 0.2916666666666667 0.041666666666666664 0.0 0.125 0.20833333333333334 0.08333333333333333 0.0859375 
0.0 0.0 0.0 0.0 0.041666666666666664 0.25 0.16666666666666666 0.0 0.041666666666666664 0.4166666666666667 0.041666666666666664 0.0 0.20833333333333334 0.25 0.16666666666666666 0.0 0.09895833333333333 
0.0 0.0 0.0 0.0 0.0 0.3333333333333333 0.25 0.0 0.0 0.125 0.3333333333333333 0.0 0.125 0.2916666666666667 0.2916666666666667 0.0 0.109375 
0.0 0.0 0.0 0.0 0.0 0.041666666666666664 0.08333333333333333 0.0 0.0 0.2916666666666667 0.3333333333333333 0.0 0.0 0.20833333333333334 0.25 0.0 0.07552083333333333 
0.0 0.0 0.0 0.0 0.0 0.25 0.20833333333333334 0.16666666666666666 0.0 0.125 0.5 0.08333333333333333 0.0 0.20833333333333334 0.25 0.08333333333333333 0.1171875 
0.0 0.0 0.0 0.0 0.041666666666666664 0.25 0.16666666666666666 0.0 0.041666666666666664 0.375 0.041666666666666664 0.0 0.20833333333333334 0.3333333333333333 0.16666666666666666 0.0 0.1015625 
0.0 0.0 0.0 0.0 0.041666666666666664 0.125 0.0 0.0 0.3333333333333333 0.125 0.125 0.0 0.16666666666666666 0.4166666666666667 0.0 0.0 0.08333333333333333 
0.0 0.0 0.0 0.0 0.0 0.3333333333333333 0.25 0.0 0.0 0.125 0.3333333333333333 0.0 0.125 0.2916666666666667 0.2916666666666667 0.0 0.109375 
0.0 0.0 0.0 0.0 0.0 0.041666666666666664 0.08333333333333333 0.0 0.0 0.2916666666666667 0.2916666666666667 0.0 0.0 0.20833333333333334 0.25 0.0 0.07291666666666667 
0.0 0.0 0.0 0.0 0.0 0.0 0.0 0.0 0.125 0.041666666666666664 0.0 0.0 0.4583333333333333 0.125 0.0 0.0 0.046875 
0.0 0.0 0.0 0.0 0.0 0.0 0.0 0.0 0.125 0.2916666666666667 0.0 0.0 0.16666666666666666 0.3333333333333333 0.0 0.0 0.057291666666666664 
0.0 0.0 0.0 0.0 0.0 0.125 0.041666666666666664 0.0 0.0 0.375 0.08333333333333333 0.0 0.08333333333333333 0.4583333333333333 0.0 0.0 0.07291666666666667 
0.0 0.0 0.0 0.0 0.0 0.25 0.20833333333333334 0.16666666666666666 0.0 0.125 0.4583333333333333 0.08333333333333333 0.0 0.20833333333333334 0.20833333333333334 0.16666666666666666 0.1171875 
0.0 0.0 0.0 0.0 0.2916666666666667 0.0 0.0 0.0 0.25 0.041666666666666664 0.0 0.0 0.4583333333333333 0.125 0.0 0.0 0.07291666666666667 
0.0 0.0 0.0 0.0 0.0 0.125 0.041666666666666664 0.0 0.0 0.375 0.08333333333333333 0.0 0.08333333333333333 0.4583333333333333 0.0 0.0 0.07291666666666667 
0.0 0.0 0.0 0.0 0.0 0.0 0.0 0.0 0.125 0.041666666666666664 0.0 0.0 0.4583333333333333 0.125 0.0 0.0 0.046875 
0.0 0.0 0.0 0.0 0.041666666666666664 0.125 0.0 0.0 0.3333333333333333 0.125 0.125 0.0 0.08333333333333333 0.3333333333333333 0.0 0.0 0.07291666666666667 
0.0 0.0 0.0 0.0 0.0 0.0 0.0 0.0 0.125 0.041666666666666664 0.0 0.0 0.4583333333333333 0.125 0.0 0.0 0.046875 
0.0 0.0 0.0 0.0 0.0 0.0 0.0 0.0 0.125 0.2916666666666667 0.0 0.0 0.20833333333333334 0.3333333333333333 0.0 0.0 0.059895833333333336 
0.0 0.0 0.0 0.0 0.08333333333333333 0.25 0.16666666666666666 0.0 0.08333333333333333 0.375 0.08333333333333333 0.0 0.20833333333333334 0.25 0.16666666666666666 0.0 0.10416666666666667 
0.0 0.0 0.0 0.0 0.0 0.25 0.20833333333333334 0.16666666666666666 0.0 0.125 0.375 0.08333333333333333 0.0 0.20833333333333334 0.20833333333333334 0.08333333333333333 0.10677083333333333 
0.0 0.0 0.0 0.0 0.041666666666666664 0.125 0.0 0.0 0.3333333333333333 0.125 0.125 0.0 0.125 0.375 0.0 0.0 0.078125 
0.0 0.0 0.0 0.0 0.041666666666666664 0.125 0.0 0.0 0.3333333333333333 0.20833333333333334 0.20833333333333334 0.0 0.08333333333333333 0.3333333333333333 0.0 0.0 0.08333333333333333 
0.0 0.0 0.0 0.0 0.0 0.125 0.041666666666666664 0.0 0.0 0.375 0.08333333333333333 0.0 0.08333333333333333 0.4583333333333333 0.0 0.0 0.07291666666666667 
0.0 0.0 0.0 0.0 0.0 0.0 0.0 0.0 0.125 0.2916666666666667 0.0 0.0 0.25 0.3333333333333333 0.0 0.0 0.0625 
0.0 0.0 0.0 0.0 0.0 0.25 0.20833333333333334 0.16666666666666666 0.0 0.125 0.375 0.08333333333333333 0.0 0.20833333333333334 0.20833333333333334 0.08333333333333333 0.10677083333333333 
0.0 0.0 0.0 0.0 0.0 0.041666666666666664 0.08333333333333333 0.0 0.0 0.2916666666666667 0.2916666666666667 0.0 0.0 0.20833333333333334 0.25 0.0 0.07291666666666667 
0.0 0.0 0.0 0.0 0.0 0.375 0.25 0.0 0.0 0.125 0.375 0.0 0.16666666666666666 0.3333333333333333 0.2916666666666667 0.0 0.11979166666666667 
0.0 0.0 0.0 0.0 0.0 0.0 0.0 0.0 0.125 0.2916666666666667 0.0 0.0 0.2916666666666667 0.3333333333333333 0.0 0.0 0.06510416666666667 
0.0 0.0 0.0 0.0 0.041666666666666664 0.125 0.0 0.0 0.3333333333333333 0.125 0.125 0.0 0.08333333333333333 0.3333333333333333 0.0 0.0 0.07291666666666667 
0.0 0.0 0.0 0.0 0.08333333333333333 0.125 0.041666666666666664 0.0 0.16666666666666666 0.375 0.08333333333333333 0.0 0.08333333333333333 0.4583333333333333 0.0 0.0 0.08854166666666667 
0.0 0.0 0.0 0.0 0.0 0.0 0.0 0.0 0.125 0.041666666666666664 0.0 0.0 0.4583333333333333 0.125 0.0 0.0 0.046875 
0.0 0.0 0.0 0.0 0.0 0.0 0.0 0.0 0.125 0.041666666666666664 0.0 0.0 0.4583333333333333 0.125 0.0 0.0 0.046875 
0.0 0.0 0.0 0.0 0.041666666666666664 0.25 0.16666666666666666 0.0 0.041666666666666664 0.375 0.041666666666666664 0.0 0.2916666666666667 0.3333333333333333 0.16666666666666666 0.0 0.10677083333333333 
0.0 0.0 0.0 0.0 0.0 0.0 0.0 0.0 0.125 0.041666666666666664 0.0 0.0 0.4583333333333333 0.125 0.0 0.0 0.046875 
0.0 0.0 0.0 0.0 0.0 0.125 0.041666666666666664 0.0 0.0 0.375 0.08333333333333333 0.0 0.08333333333333333 0.4583333333333333 0.0 0.0 0.07291666666666667 
0.0 0.0 0.0 0.0 0.041666666666666664 0.125 0.0 0.0 0.3333333333333333 0.125 0.125 0.0 0.08333333333333333 0.375 0.0 0.0 0.07552083333333333 
0.0 0.0 0.0 0.0 0.0 0.0 0.0 0.0 0.125 0.2916666666666667 0.0 0.0 0.16666666666666666 0.3333333333333333 0.0 0.0 0.057291666666666664 
0.0 0.0 0.0 0.0 0.041666666666666664 0.125 0.0 0.0 0.3333333333333333 0.125 0.125 0.0 0.08333333333333333 0.3333333333333333 0.0 0.0 0.07291666666666667 
0.0 0.0 0.0 0.0 0.041666666666666664 0.125 0.0 0.0 0.3333333333333333 0.125 0.125 0.0 0.08333333333333333 0.3333333333333333 0.0 0.0 0.07291666666666667 
0.0 0.0 0.0 0.0 0.0 0.041666666666666664 0.0 0.0 0.125 0.041666666666666664 0.0 0.0 0.4583333333333333 0.125 0.0 0.0 0.049479166666666664 
0.0 0.0 0.0 0.0 0.0 0.041666666666666664 0.08333333333333333 0.0 0.0 0.2916666666666667 0.2916666666666667 0.0 0.0 0.20833333333333334 0.25 0.0 0.07291666666666667 
