6 1 0 0 0 1 5 8 3 2 3 3 1 0 0 0 0 0 0 2 1 3 5 4 3 3 2 2 1 1 1 1 1 1 2 
2 3 2 1 2 9 2 1 0 2 3 1 1 1 2 0 0 0 0 0 0 5 4 2 1 1 3 3 5 2 2 2 0 0 2 
1 1 4 6 9 11 5 2 3 3 1 1 1 1 3 0 0 0 0 3 1 2 2 1 2 2 2 4 6 7 7 6 2 3 2 
7 2 2 1 2 11 5 2 2 4 2 1 0 0 0 0 0 0 2 3 6 7 5 3 3 1 3 2 1 1 2 2 0 0 0 
1 1 2 8 5 2 3 2 0 0 0 0 0 0 1 1 0 0 0 0 0 1 4 4 3 2 3 1 2 1 1 1 1 0 0 
2 3 4 3 5 10 4 2 1 2 2 2 1 2 2 0 0 0 0 0 0 4 3 2 1 1 7 5 2 1 3 6 2 4 4 
0 0 0 1 3 9 3 2 1 3 3 3 1 2 1 0 0 0 0 0 0 4 4 4 1 8 5 2 1 1 1 1 0 0 0 
0 0 0 1 3 3 6 8 2 1 1 2 0 0 0 0 0 0 0 0 0 1 4 3 5 3 2 2 3 1 0 2 1 0 0 
4 7 8 2 1 1 2 2 0 0 1 1 4 2 0 0 0 0 0 0 0 0 0 0 4 4 2 5 5 3 5 4 0 1 2 
0 0 0 2 7 9 2 2 2 0 1 2 3 0 0 0 0 0 0 5 4 3 3 3 3 2 2 2 3 0 0 0 0 0 0 
1 3 3 2 3 6 8 12 5 3 2 3 3 1 0 0 0 3 6 3 4 8 5 3 2 6 6 5 1 0 0 2 1 0 0 
3 1 2 4 4 9 2 2 1 3 2 0 0 0 0 0 0 0 0 0 0 3 3 3 2 3 6 8 2 1 1 1 0 0 0 
0 1 1 2 7 9 3 2 3 1 2 1 0 0 3 0 0 0 0 4 3 3 3 3 2 2 2 2 5 3 0 0 1 1 1 
2 1 0 0 1 3 8 12 3 2 1 2 2 1 0 0 0 3 6 3 3 3 3 3 2 2 2 3 2 0 0 0 0 1 2 
5 6 9 9 7 7 4 6 5 2 2 4 3 3 4 0 0 0 0 1 3 2 5 6 7 7 3 5 7 10 4 3 4 5 4 
3 4 4 12 8 4 3 4 4 4 2 1 1 2 1 0 0 0 0 2 4 10 8 4 3 3 4 3 2 2 3 0 2 4 3 
0 0 2 2 0 1 3 7 11 6 2 2 2 2 1 0 0 0 7 4 3 3 3 3 2 2 2 3 5 0 0 0 1 2 1 
1 2 5 11 8 4 5 3 3 4 4 3 2 4 6 0 0 0 0 0 0 3 10 10 3 3 4 5 5 7 7 7 1 0 0 
0 0 1 7 0 0 0 0 0 0 0 0 0 0 1 0 0 0 0 0 0 0 2 1 1 1 1 1 1 0 1 0 0 0 0 
1 3 4 7 4 2 1 1 0 0 0 0 0 0 2 0 0 0 0 0 0 0 5 4 3 6 3 1 1 1 0 1 0 0 0 
0 1 1 2 3 11 5 4 4 4 4 0 0 0 0 0 0 0 0 0 0 3 3 2 2 2 3 2 1 1 1 4 1 9 5 
0 0 0 0 0 1 3 6 9 7 4 3 3 4 2 0 0 0 6 4 5 7 3 4 4 2 3 3 1 0 0 0 0 0 0 
0 2 1 1 2 2 4 8 1 2 2 2 1 1 2 0 0 0 0 0 0 1 4 6 4 2 2 2 1 1 1 4 2 0 1 
1 1 1 2 3 10 7 2 0 2 2 0 0 2 2 0 7 1 0 0 0 4 3 2 2 3 3 2 1 1 1 1 1 2 1 
2 6 9 2 2 2 4 2 1 1 2 2 3 5 4 0 0 0 0 0 0 1 4 5 8 7 4 3 3 3 5 4 0 0 0 
2 1 1 4 8 11 5 4 5 4 3 2 2 0 0 0 0 0 0 5 3 3 3 3 3 3 6 6 5 1 0 0 5 4 2 
2 6 7 2 1 2 2 0 1 3 3 3 3 2 0 0 0 0 0 0 0 0 0 0 1 3 4 4 4 6 8 7 0 0 0 
4 9 8 2 2 4 6 4 3 3 4 5 2 2 0 0 0 0 0 0 2 1 0 1 5 5 3 3 4 4 6 4 9 7 4 
1 2 2 4 10 10 3 3 2 2 2 4 2 2 1 0 0 0 0 7 3 3 3 5 7 3 4 3 6 6 0 0 0 0 0 
1 2 2 1 2 12 6 2 2 3 4 1 1 2 1 0 0 0 0 0 0 4 3 2 1 4 8 7 5 1 2 2 2 1 0 
0 2 2 2 3 3 4 8 12 6 3 3 3 4 6 0 0 0 7 5 5 3 4 4 3 3 3 5 5 4 5 2 1 1 1 
5 5 10 14 10 5 5 3 2 4 2 1 1 0 0 0 8 0 0 0 1 3 3 2 3 4 5 3 2 4 4 5 7 7 6 
0 0 1 3 3 3 8 8 4 4 4 3 2 2 2 0 0 0 3 5 6 5 5 3 3 2 4 5 1 2 1 0 2 0 0 
2 3 6 8 5 1 1 5 3 1 2 0 0 1 8 0 0 0 0 0 0 0 5 3 3 3 2 2 6 8 7 3 2 1 1 
0 0 2 1 2 8 2 0 0 3 3 1 1 1 2 0 0 0 0 0 0 3 3 2 1 1 2 2 1 0 3 1 3 3 1 
1 3 4 8 4 2 4 2 3 2 3 0 2 2 4 0 0 0 0 0 0 0 2 1 1 4 4 4 5 5 4 4 4 6 0 
2 0 3 8 0 0 0 0 0 0 0 0 0 0 1 0 0 0 1 2 0 0 2 1 1 1 1 1 1 1 0 0 1 1 0 
5 10 7 2 1 0 0 2 1 0 1 0 0 0 0 0 0 0 0 0 2 1 0 0 2 2 3 2 3 4 3 2 2 1 2 
1 4 7 11 10 4 4 2 0 2 1 0 0 0 0 0 0 0 0 0 0 3 4 3 5 7 6 3 3 6 4 2 0 0 0 
2 4 6 12 9 5 2 2 2 3 3 1 0 1 2 0 0 0 0 0 2 4 5 3 3 7 5 7 6 5 3 4 0 0 0 
0 0 0 2 8 9 1 2 2 0 2 1 0 0 0 0 0 0 0 3 3 3 3 4 3 1 2 2 3 0 0 0 0 0 0 
1 6 9 2 3 2 4 2 1 0 0 0 0 0 0 0 0 0 0 0 0 0 0 6 7 3 2 2 3 3 2 2 0 0 0 
0 0 0 1 2 9 4 2 4 5 4 3 4 1 1 0 0 0 0 0 1 7 4 2 2 3 4 4 3 1 3 2 1 2 1 
0 2 1 1 1 3 10 10 4 1 0 2 2 2 1 0 0 1 7 4 2 2 4 9 3 3 2 3 0 0 0 0 0 0 0 
0 0 0 0 0 1 3 7 1 0 0 1 0 0 0 0 0 0 0 0 0 0 3 3 2 1 1 2 1 0 0 0 0 0 0 
5 3 2 4 9 11 6 6 6 8 6 3 3 0 0 0 0 0 3 10 8 10 6 5 5 7 9 5 1 1 1 1 0 0 0 
3 2 3 9 5 2 2 2 1 0 1 1 1 1 1 0 0 0 0 0 0 0 3 4 3 2 3 3 4 1 2 0 4 3 2 
0 0 0 0 0 0 0 4 8 3 1 0 0 0 0 0 0 0 2 1 2 2 1 3 2 2 1 0 0 0 0 0 0 0 0 
0 0 0 2 3 9 2 0 0 2 5 5 3 1 0 0 0 0 0 0 0 3 3 4 3 1 1 3 2 2 1 4 2 2 1 
1 0 0 0 0 2 7 10 3 2 1 2 3 3 2 0 0 0 5 2 3 3 2 3 2 1 2 2 3 7 0 0 0 0 1 
0 0 1 7 0 1 2 2 1 1 1 2 2 2 3 5 2 1 4 5 0 0 2 1 1 1 1 1 1 0 0 0 0 0 0 
4 3 4 2 3 12 9 4 3 5 5 3 3 3 4 0 0 2 12 15 10 6 4 3 2 1 3 2 1 1 2 2 0 0 1 
1 3 4 8 6 5 4 4 3 1 0 2 2 2 2 0 0 0 0 0 0 0 4 9 8 7 6 5 2 1 1 4 0 0 0 
0 0 0 0 0 0 2 6 12 6 4 2 2 3 2 0 0 4 7 4 2 2 1 3 2 2 1 1 4 3 3 0 0 0 0 
1 3 5 8 7 3 2 3 3 2 2 3 2 1 1 0 0 0 0 0 0 0 4 4 6 4 3 5 7 6 2 1 1 1 2 
0 0 0 0 0 1 4 7 1 0 2 2 0 0 0 0 0 0 0 0 0 0 4 4 3 2 1 2 1 0 0 0 0 0 0 
2 2 3 10 10 4 2 1 2 5 3 2 0 1 2 0 0 0 0 0 1 7 5 1 2 2 3 2 2 5 7 7 4 1 0 
0 0 0 0 0 1 2 4 10 4 1 0 1 2 1 0 0 0 7 4 2 2 1 3 2 2 1 2 0 0 0 0 0 0 0 
0 0 0 2 3 3 3 7 11 5 2 3 4 5 4 0 0 0 6 3 3 3 3 5 3 3 5 10 3 1 0 0 0 3 1 
0 0 0 0 0 1 4 8 3 2 2 2 1 2 1 2 1 0 0 0 0 1 4 2 2 4 6 2 1 1 0 0 0 0 0 
1 1 2 2 2 3 10 11 6 2 1 3 2 1 4 0 3 5 9 4 3 2 2 2 2 2 2 1 6 4 1 1 0 2 0 
6 5 5 3 4 9 5 2 3 3 5 3 1 1 1 0 0 0 2 1 2 7 6 6 3 4 5 5 5 5 3 2 0 0 0 
0 0 1 8 2 0 0 1 2 1 1 1 2 2 3 0 0 0 0 0 0 0 3 1 1 1 1 1 2 2 2 7 3 0 0 
2 3 5 13 10 5 2 3 3 2 2 2 1 1 2 0 0 0 0 0 1 6 9 8 4 3 4 2 2 2 3 2 1 5 4 
