2 3 5 5 15 8 5 3 3 3 5 4 3 3 1 0 0 6 11 11 3 3 2 2 3 3 4 4 6 4 3 0 1 0 2 
0 0 5 8 6 3 3 5 3 2 2 3 3 2 2 0 0 0 0 0 3 10 2 4 2 3 2 2 3 0 0 0 2 4 10 
0 0 0 0 1 2 3 9 9 2 2 2 2 3 3 0 0 0 5 2 3 3 3 4 3 3 4 2 1 0 0 2 2 1 0 
0 0 0 0 5 7 4 1 3 5 4 1 1 2 1 0 0 0 0 0 2 4 3 3 3 3 2 4 3 5 2 0 0 0 0 
6 6 4 4 2 3 5 2 1 1 2 3 3 4 2 0 0 0 0 0 0 5 0 0 3 6 6 4 6 6 5 5 2 0 0 
0 1 2 1 11 5 3 4 4 4 5 5 3 2 1 0 0 0 2 7 3 3 3 2 2 3 3 2 2 0 0 1 5 7 6 
1 0 0 0 3 6 1 0 0 0 0 0 0 0 0 0 0 0 0 0 0 2 1 1 1 2 1 2 0 0 0 0 0 1 0 
0 1 0 0 0 1 2 8 6 2 2 2 2 4 6 0 0 0 5 3 3 1 1 1 1 2 4 2 2 0 6 4 1 0 0 
0 0 0 1 3 5 10 8 3 1 2 3 1 1 1 0 0 0 0 0 0 2 2 3 2 3 3 3 2 0 4 5 6 4 0 
0 0 1 1 0 3 8 6 2 2 6 5 1 2 1 0 0 0 0 0 0 4 4 4 4 3 3 3 2 0 0 0 0 4 7 
2 1 4 4 3 1 2 1 0 0 0 0 0 1 2 0 0 0 0 0 0 0 3 3 2 6 2 1 0 1 2 0 0 0 1 
0 0 0 0 0 0 1 5 4 2 0 0 0 0 0 0 0 0 0 2 1 1 1 1 1 1 2 2 0 0 0 0 0 0 0 
2 1 2 2 6 7 4 2 4 4 4 2 2 3 3 0 0 0 2 1 0 3 2 2 3 3 2 4 2 3 5 7 5 4 0 
5 4 12 11 2 2 2 2 2 3 3 3 1 1 0 0 0 0 0 0 2 6 8 6 6 5 3 3 2 2 2 0 1 3 4 
0 0 0 0 0 0 2 10 10 4 4 3 3 3 4 0 0 0 4 2 3 3 3 4 3 3 4 5 4 0 0 0 0 1 4 
9 5 4 3 11 4 4 5 5 3 3 3 2 1 0 0 0 0 3 10 5 5 4 3 3 4 3 2 3 1 2 1 1 4 8 
3 4 9 9 5 5 6 6 5 6 4 4 4 1 0 0 0 0 0 0 3 4 7 2 1 1 1 4 5 4 6 9 13 5 6 
0 0 4 7 3 1 1 2 1 0 0 0 0 0 2 0 0 0 0 0 0 0 2 3 2 3 3 2 4 1 0 0 1 0 0 
0 0 0 0 0 0 0 0 0 0 0 0 0 0 0 0 0 0 0 0 0 0 0 0 0 0 0 0 0 0 0 0 0 0 0 
3 3 2 3 7 4 2 1 2 2 3 4 3 2 1 0 0 0 6 7 3 2 0 1 2 1 1 2 2 2 4 4 1 2 2 
0 0 0 0 0 1 3 9 8 3 2 1 2 3 3 0 0 1 5 2 3 2 2 3 1 3 4 2 4 3 0 0 0 0 0 
0 0 0 0 2 1 1 6 5 2 0 1 2 0 2 0 0 0 4 2 1 1 2 3 1 1 2 2 0 0 0 0 0 1 2 
1 1 1 1 1 3 12 7 2 1 1 3 4 2 1 0 0 1 6 2 2 2 2 2 2 2 3 2 0 0 0 0 0 8 7 
1 1 2 1 6 6 3 2 1 4 5 3 2 3 3 0 0 0 0 3 3 6 5 7 4 2 1 4 2 4 2 0 0 0 0 
1 2 10 10 2 2 1 2 1 3 3 2 0 0 0 0 0 0 0 0 0 3 5 4 6 2 5 7 3 2 2 0 0 0 0 
0 0 5 6 3 1 4 3 2 2 0 0 0 0 1 0 0 0 0 0 0 0 2 2 2 4 3 2 3 0 1 1 2 2 3 
3 3 4 5 13 5 4 5 5 5 6 4 3 3 3 0 0 0 0 5 3 3 3 2 2 3 3 2 12 5 12 11 3 0 2 
0 0 0 0 0 1 3 8 7 2 3 3 4 4 5 0 0 0 6 3 4 3 2 3 2 2 4 3 1 0 0 0 3 3 1 
0 0 0 1 5 7 5 4 2 4 4 3 2 2 3 0 0 0 0 0 0 2 2 3 9 8 10 4 0 0 1 1 2 0 0 
0 1 4 5 3 1 2 1 0 0 1 1 1 1 2 0 0 0 0 0 0 0 2 2 1 4 2 2 7 3 0 0 0 0 0 
2 6 4 1 3 5 4 2 2 1 0 0 0 0 0 0 0 0 0 0 0 0 0 0 2 3 3 1 4 5 5 2 0 2 3 
0 0 0 0 0 2 7 4 0 2 3 10 4 3 1 0 0 0 0 0 2 4 2 3 3 4 5 5 3 2 2 1 0 0 0 
0 1 1 1 1 3 10 7 1 0 3 5 4 2 2 0 0 0 6 2 4 5 3 3 2 2 3 2 0 0 1 3 1 1 3 
0 0 1 2 1 2 6 13 9 2 2 2 3 2 3 0 0 0 7 3 2 2 5 3 1 2 4 3 2 2 3 2 2 3 2 
0 1 7 7 4 3 4 4 4 1 2 2 1 1 2 0 0 0 0 0 0 0 5 7 11 10 3 2 3 1 1 0 0 0 0 
1 3 7 10 4 3 2 3 2 6 4 2 1 0 0 0 0 0 0 0 0 4 8 6 6 7 4 2 1 2 2 4 0 0 2 
0 1 2 2 10 6 6 6 4 6 5 6 4 3 2 0 0 0 0 3 7 7 3 2 2 3 5 4 4 5 7 3 3 3 2 
1 3 2 2 1 1 2 1 0 0 0 0 2 2 2 3 1 0 0 0 0 0 0 0 2 4 4 0 0 1 3 1 0 0 0 
3 3 5 7 9 5 4 3 2 3 3 2 2 1 2 0 0 1 3 4 5 4 2 2 3 5 4 3 6 6 3 1 1 1 0 
1 2 2 1 0 2 10 6 1 2 2 3 5 5 5 0 0 1 5 2 2 3 3 3 3 3 3 2 1 0 3 4 3 4 2 
1 2 7 9 6 4 2 2 1 4 3 2 1 1 0 0 0 0 0 0 2 4 6 4 2 1 1 2 4 5 3 0 3 3 5 
1 2 4 6 6 9 13 11 7 4 2 2 3 2 1 10 6 3 8 3 3 5 5 5 4 4 7 2 1 2 2 1 2 0 0 
0 0 0 0 0 0 1 5 4 2 2 0 0 0 1 0 0 0 1 2 1 1 1 1 1 2 3 2 0 0 0 0 0 0 0 
0 0 0 0 0 0 2 3 2 1 0 0 0 0 0 0 0 0 0 0 0 0 2 1 0 0 1 0 0 0 0 2 2 0 0 
0 0 0 1 10 4 2 3 3 4 3 3 4 2 2 0 0 0 0 5 3 3 3 2 2 3 4 6 6 3 1 0 0 0 0 
0 2 8 11 2 3 3 3 4 4 4 3 2 3 3 0 0 0 0 0 3 6 7 4 3 3 2 5 8 2 2 3 1 4 2 
0 0 0 0 1 2 7 5 1 2 4 3 1 2 2 0 0 0 2 0 0 2 2 3 2 2 3 7 7 0 0 0 0 0 0 
0 0 0 0 0 0 1 9 9 2 2 2 2 3 3 0 0 0 5 2 3 3 3 4 3 3 4 2 1 0 0 0 0 0 0 
0 0 0 0 1 4 8 5 2 5 5 6 4 2 3 0 4 3 0 0 0 3 6 8 3 3 3 3 2 0 0 0 0 1 6 
4 8 7 5 2 3 4 1 1 3 2 1 1 1 2 5 1 0 0 0 0 0 0 1 3 3 3 3 6 7 7 5 0 0 1 
3 8 7 4 1 3 5 3 3 4 3 3 5 5 3 0 1 2 2 1 2 1 1 4 5 5 5 5 4 6 5 4 2 5 0 
3 3 7 9 5 3 3 4 3 2 2 2 2 2 4 0 0 4 2 2 3 3 4 5 7 10 6 1 3 3 1 0 0 0 0 
6 7 15 15 7 6 3 4 1 3 3 3 1 1 0 0 0 0 0 0 2 3 5 4 3 3 3 8 8 6 2 3 6 8 11 
6 7 6 4 2 2 6 2 1 2 1 1 1 2 1 0 0 0 0 0 0 0 0 0 4 6 4 4 4 5 6 3 2 2 4 
0 0 2 1 0 1 7 7 4 3 2 3 1 1 1 0 0 0 0 0 0 5 3 3 3 2 2 4 2 1 1 1 2 2 2 
0 0 2 2 2 2 1 1 0 0 2 3 0 0 0 0 0 0 0 0 0 0 3 3 3 2 2 2 0 0 0 0 0 0 0 
1 2 4 2 0 2 10 11 3 3 4 3 3 2 1 0 0 1 6 2 2 3 3 3 3 2 3 2 1 0 1 7 2 4 6 
1 2 1 1 1 3 8 6 1 2 3 5 2 2 1 0 2 4 3 3 4 6 2 3 3 3 3 2 1 0 0 0 0 0 0 
