0.041666666666666664 0.16666666666666666 0.5 0.20833333333333334 0.0 0.0 0.0 0.0 0.25 0.041666666666666664 0.125 0.16666666666666666 0.2916666666666667 0.25 0.16666666666666666 0.08333333333333333 0.14322916666666666 
0.0 0.0 0.0 0.0 0.0 0.0 0.0 0.041666666666666664 0.0 0.16666666666666666 0.20833333333333334 0.16666666666666666 0.0 0.20833333333333334 0.2916666666666667 0.0 0.06770833333333333 
0.0 0.0 0.0 0.0 0.0 0.0 0.0 0.0 0.25 0.08333333333333333 0.25 0.08333333333333333 0.08333333333333333 0.375 0.5 0.08333333333333333 0.10677083333333333 
0.08333333333333333 0.0 0.0 0.0 0.08333333333333333 0.0 0.0 0.0 0.125 0.125 0.20833333333333334 0.08333333333333333 0.20833333333333334 0.2916666666666667 0.125 0.125 0.09114583333333333 
0.0 0.0 0.0 0.0 0.0 0.0 0.0 0.0 0.16666666666666666 0.3333333333333333 0.25 0.08333333333333333 0.2916666666666667 0.3333333333333333 0.2916666666666667 0.125 0.1171875 
0.0 0.0 0.0 0.0 0.16666666666666666 0.125 0.0 0.0 0.16666666666666666 0.125 0.375 0.041666666666666664 0.20833333333333334 0.125 0.2916666666666667 0.20833333333333334 0.11458333333333333 
0.0 0.16666666666666666 0.0 0.0 0.0 0.25 0.25 0.4166666666666667 0.0 0.041666666666666664 0.125 0.375 0.0 0.2916666666666667 0.08333333333333333 0.625 0.1640625 
0.16666666666666666 0.0 0.0 0.0 0.125 0.125 0.0 0.0 0.08333333333333333 0.25 0.0 0.0 0.375 0.2916666666666667 0.3333333333333333 0.08333333333333333 0.11458333333333333 
0.041666666666666664 0.0 0.0 0.0 0.125 0.08333333333333333 0.0 0.0 0.041666666666666664 0.3333333333333333 0.2916666666666667 0.08333333333333333 0.0 0.375 0.3333333333333333 0.0 0.10677083333333333 
0.0 0.125 0.0 0.0 0.0 0.16666666666666666 0.08333333333333333 0.2916666666666667 0.0 0.3333333333333333 0.08333333333333333 0.25 0.0 0.25 0.041666666666666664 0.4583333333333333 0.13020833333333334 
0.0 0.0 0.0 0.0 0.041666666666666664 0.25 0.20833333333333334 0.0 0.08333333333333333 0.375 0.3333333333333333 0.125 0.2916666666666667 0.375 0.375 0.16666666666666666 0.1640625 
0.0 0.0 0.0 0.0 0.0 0.0 0.0 0.0 0.16666666666666666 0.041666666666666664 0.0 0.0 0.4166666666666667 0.4166666666666667 0.5416666666666666 0.20833333333333334 0.11197916666666667 
0.25 0.16666666666666666 0.16666666666666666 0.0 0.0 0.16666666666666666 0.125 0.0 0.125 0.125 0.16666666666666666 0.3333333333333333 0.125 0.2916666666666667 0.16666666666666666 0.125 0.14583333333333334 
0.0 0.0 0.0 0.0 0.16666666666666666 0.0 0.0 0.0 0.16666666666666666 0.375 0.25 0.041666666666666664 0.3333333333333333 0.5 0.375 0.4583333333333333 0.16666666666666666 
0.0 0.125 0.0 0.0 0.0 0.25 0.16666666666666666 0.3333333333333333 0.0 0.25 0.2916666666666667 0.25 0.20833333333333334 0.375 0.25 0.5 0.1875 
0.0 0.0 0.0 0.0 0.0 0.0 0.0 0.0 0.08333333333333333 0.0 0.0 0.0 0.5 0.2916666666666667 0.25 0.08333333333333333 0.07552083333333333 
0.0 0.0 0.0 0.0 0.0 0.2916666666666667 0.20833333333333334 0.4166666666666667 0.0 0.16666666666666666 0.4583333333333333 0.5 0.0 0.041666666666666664 0.2916666666666667 0.25 0.1640625 
0.0 0.0 0.0 0.0 0.0 0.16666666666666666 0.16666666666666666 0.16666666666666666 0.0 0.375 0.2916666666666667 0.25 0.0 0.375 0.5 0.041666666666666664 0.14583333333333334 
0.0 0.0 0.0 0.0 0.0 0.0 0.0 0.0 0.25 0.20833333333333334 0.25 0.08333333333333333 0.25 0.375 0.16666666666666666 0.125 0.10677083333333333 
0.0 0.08333333333333333 0.041666666666666664 0.0 0.0 0.125 0.08333333333333333 0.375 0.0 0.08333333333333333 0.08333333333333333 0.20833333333333334 0.0 0.20833333333333334 0.20833333333333334 0.625 0.1328125 
0.0 0.0 0.0 0.0 0.0 0.20833333333333334 0.20833333333333334 0.4583333333333333 0.0 0.16666666666666666 0.375 0.3333333333333333 0.0 0.08333333333333333 0.5 0.4166666666666667 0.171875 
0.0 0.0 0.0 0.0 0.0 0.0 0.20833333333333334 0.041666666666666664 0.16666666666666666 0.125 0.20833333333333334 0.08333333333333333 0.375 0.3333333333333333 0.2916666666666667 0.125 0.12239583333333333 
0.0 0.0 0.0 0.0 0.16666666666666666 0.25 0.25 0.0 0.5833333333333334 0.5833333333333334 0.625 0.375 0.16666666666666666 0.5 0.3333333333333333 0.5416666666666666 0.2734375 
0.0 0.041666666666666664 0.0 0.0 0.0 0.20833333333333334 0.16666666666666666 0.4583333333333333 0.0 0.16666666666666666 0.4583333333333333 0.2916666666666667 0.0 0.041666666666666664 0.2916666666666667 0.375 0.15625 
0.0 0.0 0.0 0.0 0.08333333333333333 0.375 0.25 0.0 0.25 0.2916666666666667 0.3333333333333333 0.2916666666666667 0.16666666666666666 0.4583333333333333 0.16666666666666666 0.16666666666666666 0.17708333333333334 
0.0 0.0 0.0 0.0 0.0 0.0 0.0 0.0 0.125 0.08333333333333333 0.25 0.08333333333333333 0.4166666666666667 0.3333333333333333 0.16666666666666666 0.16666666666666666 0.1015625 
0.0 0.0 0.0 0.0 0.0 0.0 0.0 0.0 0.0 0.20833333333333334 0.125 0.125 0.125 0.25 0.375 0.4166666666666667 0.1015625 
0.0 0.125 0.0 0.0 0.0 0.16666666666666666 0.041666666666666664 0.2916666666666667 0.125 0.16666666666666666 0.16666666666666666 0.2916666666666667 0.08333333333333333 0.4166666666666667 0.041666666666666664 0.5 0.15104166666666666 
0.041666666666666664 0.0 0.0 0.0 0.20833333333333334 0.041666666666666664 0.20833333333333334 0.0 0.4166666666666667 0.2916666666666667 0.20833333333333334 0.25 0.25 0.3333333333333333 0.2916666666666667 0.3333333333333333 0.1796875 
0.0 0.0 0.0 0.0 0.0 0.125 0.041666666666666664 0.0 0.20833333333333334 0.375 0.3333333333333333 0.125 0.125 0.3333333333333333 0.625 0.3333333333333333 0.1640625 
0.0 0.125 0.0 0.0 0.0 0.20833333333333334 0.08333333333333333 0.3333333333333333 0.0 0.16666666666666666 0.125 0.25 0.0 0.20833333333333334 0.125 0.5833333333333334 0.13802083333333334 
0.0 0.0 0.0 0.0 0.0 0.16666666666666666 0.16666666666666666 0.0 0.0 0.25 0.20833333333333334 0.125 0.041666666666666664 0.20833333333333334 0.3333333333333333 0.0 0.09375 
0.16666666666666666 0.0 0.0 0.0 0.25 0.125 0.041666666666666664 0.041666666666666664 0.25 0.4583333333333333 0.4166666666666667 0.20833333333333334 0.3333333333333333 0.5416666666666666 0.625 0.4583333333333333 0.24479166666666666 
0.0 0.125 0.0 0.0 0.0 0.2916666666666667 0.08333333333333333 0.20833333333333334 0.0 0.3333333333333333 0.20833333333333334 0.2916666666666667 0.0 0.2916666666666667 0.08333333333333333 0.625 0.15885416666666666 
0.0 0.0 0.0 0.0 0.0 0.125 0.125 0.4166666666666667 0.0 0.0 0.2916666666666667 0.25 0.0 0.0 0.3333333333333333 0.16666666666666666 0.10677083333333333 
0.0 0.0 0.0 0.0 0.0 0.20833333333333334 0.16666666666666666 0.0 0.0 0.16666666666666666 0.2916666666666667 0.125 0.20833333333333334 0.3333333333333333 0.16666666666666666 0.16666666666666666 0.11458333333333333 
0.125 0.16666666666666666 0.041666666666666664 0.041666666666666664 0.0 0.041666666666666664 0.0 0.375 0.125 0.041666666666666664 0.0 0.0 0.3333333333333333 0.25 0.20833333333333334 0.125 0.1171875 
0.0 0.0 0.0 0.0 0.041666666666666664 0.0 0.0 0.0 0.16666666666666666 0.375 0.3333333333333333 0.08333333333333333 0.2916666666666667 0.2916666666666667 0.2916666666666667 0.20833333333333334 0.13020833333333334 
0.0 0.0 0.0 0.0 0.0 0.125 0.125 0.3333333333333333 0.0 0.0 0.08333333333333333 0.041666666666666664 0.0 0.0 0.25 0.125 0.06770833333333333 
0.08333333333333333 0.08333333333333333 0.0 0.0 0.041666666666666664 0.20833333333333334 0.0 0.041666666666666664 0.0 0.25 0.20833333333333334 0.041666666666666664 0.041666666666666664 0.08333333333333333 0.375 0.0 0.09114583333333333 
0.0 0.0 0.0 0.0 0.16666666666666666 0.20833333333333334 0.041666666666666664 0.0 0.3333333333333333 0.08333333333333333 0.4583333333333333 0.0 0.2916666666666667 0.0 0.20833333333333334 0.041666666666666664 0.11458333333333333 
0.0 0.0 0.0 0.0 0.0 0.16666666666666666 0.125 0.4583333333333333 0.0 0.125 0.3333333333333333 0.08333333333333333 0.0 0.041666666666666664 0.2916666666666667 0.16666666666666666 0.11197916666666667 
0.0 0.125 0.0 0.0 0.0 0.20833333333333334 0.041666666666666664 0.125 0.0 0.041666666666666664 0.041666666666666664 0.20833333333333334 0.0 0.3333333333333333 0.20833333333333334 0.4166666666666667 0.109375 
0.0 0.0 0.0 0.0 0.0 0.125 0.125 0.3333333333333333 0.0 0.125 0.2916666666666667 0.08333333333333333 0.0 0.0 0.25 0.125 0.09114583333333333 
0.0 0.0 0.0 0.0 0.08333333333333333 0.041666666666666664 0.0 0.0 0.125 0.041666666666666664 0.3333333333333333 0.125 0.2916666666666667 0.0 0.20833333333333334 0.0 0.078125 
0.0 0.125 0.041666666666666664 0.0 0.0 0.4166666666666667 0.25 0.375 0.0 0.2916666666666667 0.20833333333333334 0.4583333333333333 0.0 0.25 0.08333333333333333 0.4166666666666667 0.18229166666666666 
0.20833333333333334 0.20833333333333334 0.041666666666666664 0.0 0.0 0.125 0.25 0.4583333333333333 0.0 0.375 0.3333333333333333 0.25 0.16666666666666666 0.625 0.4583333333333333 0.3333333333333333 0.23958333333333334 
0.0 0.0 0.0 0.125 0.0 0.125 0.125 0.375 0.0 0.0 0.20833333333333334 0.041666666666666664 0.0 0.0 0.2916666666666667 0.16666666666666666 0.09114583333333333 
0.0 0.125 0.0 0.0 0.0 0.3333333333333333 0.08333333333333333 0.3333333333333333 0.0 0.2916666666666667 0.375 0.375 0.041666666666666664 0.375 0.16666666666666666 0.5416666666666666 0.19010416666666666 
0.0 0.0 0.0 0.0 0.0 0.0 0.0 0.0 0.375 0.25 0.125 0.041666666666666664 0.3333333333333333 0.2916666666666667 0.2916666666666667 0.2916666666666667 0.125 
0.0 0.0 0.0 0.0 0.125 0.08333333333333333 0.0 0.0 0.20833333333333334 0.125 0.08333333333333333 0.16666666666666666 0.2916666666666667 0.25 0.16666666666666666 0.16666666666666666 0.10416666666666667 
0.0 0.0 0.0 0.0 0.0 0.0 0.0 0.0 0.125 0.125 0.25 0.08333333333333333 0.125 0.3333333333333333 0.3333333333333333 0.20833333333333334 0.09895833333333333 
0.0 0.0 0.0 0.0 0.20833333333333334 0.2916666666666667 0.25 0.0 0.16666666666666666 0.375 0.4583333333333333 0.3333333333333333 0.4583333333333333 0.5416666666666666 0.3333333333333333 0.2916666666666667 0.23177083333333334 
0.0 0.0 0.0 0.0 0.0 0.0 0.0 0.0 0.0 0.125 0.041666666666666664 0.08333333333333333 0.0 0.041666666666666664 0.2916666666666667 0.125 0.044270833333333336 
0.0 0.0 0.0 0.041666666666666664 0.125 0.2916666666666667 0.041666666666666664 0.20833333333333334 0.16666666666666666 0.125 0.3333333333333333 0.0 0.20833333333333334 0.041666666666666664 0.16666666666666666 0.041666666666666664 0.11197916666666667 
0.0 0.125 0.0 0.0 0.0 0.25 0.041666666666666664 0.4583333333333333 0.0 0.2916666666666667 0.041666666666666664 0.25 0.0 0.25 0.041666666666666664 0.375 0.1328125 
0.0 0.0 0.0 0.0 0.0 0.125 0.0 0.0 0.20833333333333334 0.375 0.2916666666666667 0.16666666666666666 0.0 0.4166666666666667 0.4583333333333333 0.0 0.12760416666666666 
0.0 0.0 0.0 0.08333333333333333 0.125 0.25 0.25 0.0 0.0 0.16666666666666666 0.4166666666666667 0.16666666666666666 0.16666666666666666 0.4583333333333333 0.16666666666666666 0.20833333333333334 0.15364583333333334 
0.0 0.0 0.0 0.0 0.0 0.041666666666666664 0.041666666666666664 0.041666666666666664 0.0 0.25 0.2916666666666667 0.375 0.0 0.4166666666666667 0.4583333333333333 0.125 0.12760416666666666 
0.0 0.16666666666666666 0.16666666666666666 0.0 0.041666666666666664 0.3333333333333333 0.2916666666666667 0.16666666666666666 0.125 0.2916666666666667 0.3333333333333333 0.16666666666666666 0.375 0.5 0.16666666666666666 0.16666666666666666 0.20572916666666666 
0.0 0.0 0.0 0.0 0.08333333333333333 0.125 0.041666666666666664 0.041666666666666664 0.0 0.375 0.2916666666666667 0.20833333333333334 0.0 0.2916666666666667 0.4166666666666667 0.0 0.1171875 
0.0 0.125 0.041666666666666664 0.0 0.0 0.25 0.16666666666666666 0.3333333333333333 0.0 0.2916666666666667 0.25 0.25 0.0 0.3333333333333333 0.08333333333333333 0.4166666666666667 0.15885416666666666 
0.0 0.0 0.0 0.0 0.0 0.0 0.0 0.0 0.0 0.16666666666666666 0.20833333333333334 0.16666666666666666 0.0 0.25 0.2916666666666667 0.125 0.07552083333333333 
0.041666666666666664 0.0 0.0 0.0 0.08333333333333333 0.0 0.0 0.125 0.25 0.041666666666666664 0.0 0.0 0.4583333333333333 0.3333333333333333 0.2916666666666667 0.08333333333333333 0.10677083333333333 
