4 7 3 1 1 0 1 2 2 3 3 1 1 1 0 0 0 0 0 0 0 0 3 2 2 1 2 5 3 6 3 0 0 0 3 
3 5 7 6 3 4 4 3 1 0 2 3 3 2 3 0 0 0 1 1 3 4 6 4 1 3 3 2 3 2 2 1 2 6 5 
0 0 0 2 6 6 5 6 5 5 5 6 5 6 4 0 0 0 6 4 3 2 6 12 9 5 5 5 3 0 1 0 0 0 0 
0 0 5 4 2 1 1 1 3 4 4 5 2 1 2 0 0 0 0 0 2 3 4 7 5 1 1 1 2 2 6 1 0 0 0 
2 7 6 6 4 2 3 3 2 1 3 2 2 1 2 0 0 0 0 0 0 0 7 4 2 4 4 5 7 4 2 1 0 3 3 
6 10 6 4 5 7 7 7 6 5 6 2 2 1 0 0 0 0 0 0 2 5 8 13 6 9 10 2 3 4 5 6 1 0 0 
0 0 0 0 0 1 6 3 2 2 1 4 6 6 6 0 0 0 5 5 2 2 4 4 2 4 4 4 1 0 0 0 0 0 0 
0 0 0 0 0 6 7 2 2 2 2 1 0 0 0 0 0 0 0 0 0 4 4 2 1 1 1 2 4 1 0 0 1 1 0 
1 2 2 1 5 3 2 1 1 0 0 0 1 0 0 0 0 0 0 0 2 4 5 3 1 0 1 2 0 0 0 0 0 0 1 
1 5 4 4 1 1 3 4 2 3 2 3 2 0 1 0 0 0 0 0 0 0 5 4 4 3 2 4 4 3 3 1 2 1 0 
0 0 0 0 0 6 4 2 2 2 1 2 1 0 0 0 0 0 0 0 0 0 0 0 0 1 1 1 2 1 1 3 3 4 3 
3 1 0 1 4 5 4 2 0 0 1 2 2 2 1 0 0 0 0 5 5 2 2 2 2 1 4 5 0 0 0 0 0 0 0 
0 4 4 3 3 5 1 2 5 6 8 5 4 4 2 0 0 0 0 0 0 0 6 6 4 3 5 6 8 5 3 3 1 3 3 
0 0 0 0 0 4 1 0 0 2 4 4 1 2 0 0 0 1 0 0 0 1 2 0 1 1 2 4 4 2 0 0 0 0 0 
0 0 0 1 3 3 2 2 2 3 3 3 3 0 0 0 0 0 6 3 2 1 2 1 2 0 5 3 0 0 0 0 0 0 0 
7 5 3 4 6 4 4 2 2 1 0 0 0 0 0 0 0 0 0 0 0 0 0 0 1 1 1 2 6 3 5 6 7 4 2 
0 0 0 4 3 2 2 2 2 2 0 0 0 0 0 0 0 0 0 0 0 4 3 1 2 1 1 5 0 0 0 0 0 0 0 
6 5 2 4 5 3 2 1 1 0 0 0 0 0 0 0 0 0 0 0 0 0 0 5 3 7 2 1 2 5 4 0 0 0 0 
4 8 6 4 4 5 6 8 3 5 7 5 5 4 2 0 0 0 14 2 0 3 8 8 7 5 4 2 2 2 3 5 2 5 4 
0 0 0 0 4 5 3 2 2 4 3 3 4 3 1 0 0 0 6 4 3 2 2 1 0 2 6 7 1 0 0 0 0 0 0 
0 0 3 2 1 0 0 0 2 6 3 2 2 1 2 2 1 0 0 0 7 3 0 0 1 3 2 1 3 0 1 0 0 0 0 
0 0 0 0 0 2 0 0 0 0 0 0 0 0 0 0 0 0 0 0 0 0 0 0 0 1 1 0 0 0 0 0 0 0 0 
0 1 5 5 4 2 2 2 3 2 3 2 0 0 0 0 0 0 0 0 2 4 4 8 9 2 1 0 1 0 0 0 0 0 0 
2 2 6 6 4 3 2 2 5 2 4 3 2 2 4 0 0 0 0 6 4 3 1 2 1 1 2 5 5 9 3 1 0 2 4 
4 8 5 3 3 5 2 3 2 3 2 0 2 1 0 0 0 4 2 0 2 3 6 3 2 1 2 3 2 1 5 5 1 1 0 
3 7 5 3 1 2 2 2 1 1 2 0 1 1 0 0 0 0 0 0 0 0 5 3 2 1 2 2 3 3 6 2 2 0 0 
0 0 0 0 0 0 8 6 3 1 2 2 4 4 2 0 0 0 2 5 3 2 1 1 1 3 4 6 2 2 0 0 0 0 0 
5 0 0 1 3 4 2 2 1 1 2 3 2 0 1 1 0 0 6 3 3 2 3 2 1 0 1 2 0 0 0 0 0 0 3 
5 3 1 1 0 0 0 0 0 0 0 0 0 0 0 0 0 0 0 0 0 0 0 0 0 0 0 0 1 1 2 2 4 0 0 
3 3 2 3 6 7 4 4 1 1 2 5 4 3 3 0 0 0 6 5 12 5 3 1 2 1 2 4 0 0 0 0 0 2 8 
0 0 0 1 2 8 3 3 1 1 1 1 1 1 2 0 0 0 0 0 4 4 8 2 1 1 1 3 1 0 0 0 0 0 0 
0 0 0 3 3 2 2 2 2 2 0 0 0 1 1 0 0 0 0 0 0 5 4 1 1 1 1 5 0 0 0 0 0 0 0 
6 4 5 4 4 5 6 7 8 5 2 3 4 2 2 0 0 2 2 2 2 2 2 2 3 4 3 2 5 5 7 5 7 8 4 
0 0 0 2 6 7 4 5 3 3 2 3 4 2 2 0 0 0 6 4 3 2 2 2 2 2 8 9 3 0 0 0 0 0 0 
3 7 5 5 3 1 1 2 3 4 3 1 0 1 3 0 0 0 0 0 0 0 7 6 4 3 4 2 0 1 2 6 3 1 3 
1 3 4 7 6 5 4 5 4 4 3 3 3 3 4 0 0 0 0 0 0 6 10 9 2 5 13 5 2 1 2 1 2 1 0 
0 0 5 2 1 0 0 0 2 2 2 2 0 1 3 0 0 0 0 0 2 4 2 1 2 1 1 1 2 2 2 0 0 0 0 
4 5 6 5 3 4 4 4 1 1 2 1 1 2 3 0 0 0 0 0 0 0 3 4 2 8 7 8 8 4 1 0 0 1 0 
3 7 6 6 5 6 7 6 6 6 4 4 6 4 3 0 0 0 0 0 0 0 5 4 2 2 7 9 5 4 13 8 0 7 13 
2 5 1 0 1 3 3 4 1 2 4 1 0 0 0 0 0 0 0 0 0 0 2 1 0 0 1 1 2 1 4 3 4 5 3 
0 0 1 2 4 7 3 2 1 2 3 4 4 4 2 0 0 0 6 4 2 1 2 4 4 3 5 5 3 0 0 0 0 0 0 
4 7 7 6 5 6 5 4 3 5 5 1 1 1 2 0 1 6 1 0 0 3 6 4 4 2 3 9 10 3 4 6 0 0 0 
0 0 0 0 0 4 7 4 4 4 4 3 4 4 4 0 0 0 5 5 4 3 4 3 2 3 3 5 5 0 0 0 0 0 0 
0 0 0 0 0 3 9 5 3 4 3 3 2 4 2 0 0 0 5 5 3 2 2 2 0 2 2 4 4 0 1 3 3 0 0 
2 2 1 1 7 3 1 1 2 2 0 0 0 0 0 0 0 0 2 3 2 2 5 3 1 1 1 2 0 0 0 0 0 0 0 
3 8 5 4 3 3 4 4 2 2 2 0 0 0 0 0 0 0 0 0 0 3 7 5 4 1 2 2 2 3 7 4 0 0 0 
0 0 0 0 0 0 4 3 1 2 1 1 2 4 0 0 0 0 5 3 1 2 1 0 0 0 2 4 0 0 0 0 0 0 0 
1 1 7 3 3 2 2 2 4 2 2 2 0 1 1 0 0 0 0 0 2 2 0 1 1 1 1 1 4 7 7 4 1 1 0 
7 9 8 8 5 5 5 7 4 2 1 0 0 0 1 0 0 0 0 0 1 8 9 8 9 5 4 3 4 1 0 0 0 5 5 
1 3 8 7 4 5 2 1 4 3 3 4 1 1 2 0 0 0 0 0 8 6 5 5 5 1 2 4 5 5 2 0 0 1 0 
2 0 0 0 3 6 3 1 2 1 1 2 0 0 0 0 0 0 2 2 2 1 2 1 0 0 2 4 3 2 0 0 0 0 0 
1 3 2 2 1 0 0 0 0 0 0 0 0 0 4 0 0 0 0 0 0 0 0 0 2 4 3 0 0 0 0 1 1 1 1 
7 6 5 5 5 3 4 6 4 4 6 4 4 5 4 0 0 2 8 6 3 2 10 8 4 2 2 2 1 1 3 8 6 3 1 
0 0 0 0 0 1 5 3 2 3 2 4 3 4 3 0 0 0 5 5 2 1 1 0 0 2 5 5 4 0 0 0 0 0 0 
5 6 1 3 4 2 1 1 1 1 0 0 0 0 0 0 0 0 0 0 0 0 2 2 3 3 2 5 2 0 0 0 0 2 4 
4 1 1 1 0 0 0 0 0 0 0 0 1 2 2 0 0 0 0 0 0 0 0 0 0 0 0 0 3 3 5 0 0 1 0 
1 1 2 3 4 3 3 2 2 3 2 3 2 2 3 0 0 0 0 0 0 4 3 1 1 2 4 6 2 3 5 4 1 0 0 
0 0 0 0 0 6 4 1 2 2 2 0 0 0 0 0 0 0 0 0 0 3 3 2 1 1 1 2 4 0 0 0 0 0 0 
0 0 0 0 0 0 1 0 0 0 0 0 0 0 0 0 0 0 0 0 0 0 1 0 0 0 0 0 0 0 0 0 0 0 0 
7 4 4 4 2 3 3 1 2 4 2 1 1 2 2 0 0 0 0 0 0 0 1 4 8 3 4 3 2 2 1 3 1 4 6 
0 0 0 0 0 1 3 1 2 1 0 0 1 2 1 0 0 0 1 2 0 1 3 0 0 0 0 1 0 0 0 0 0 1 3 
1 4 2 2 3 2 3 1 0 0 0 0 0 2 4 0 0 0 0 0 0 0 1 2 0 2 1 1 0 1 2 1 4 5 4 
4 7 7 4 6 7 5 4 4 3 2 2 1 3 2 0 0 0 1 3 6 9 7 10 12 4 1 2 5 1 0 0 0 0 0 
2 1 1 2 1 7 5 4 2 2 2 1 1 3 3 0 0 0 1 4 5 5 8 4 3 1 1 1 4 0 0 0 0 0 0 
