0.0 0.0 0.0 0.0 0.0 0.375 0.0 0.125 0.08333333333333333 0.5 0.125 0.4583333333333333 0.3333333333333333 0.3333333333333333 0.2916666666666667 0.3333333333333333 0.18489583333333334 
0.0 0.0 0.0 0.0 0.08333333333333333 0.0 0.0 0.0 0.25 0.041666666666666664 0.0 0.0 0.4583333333333333 0.5 0.25 0.125 0.10677083333333333 
0.0 0.0 0.0 0.0 0.0 0.4583333333333333 0.0 0.16666666666666666 0.08333333333333333 0.5 0.041666666666666664 0.4583333333333333 0.375 0.4166666666666667 0.25 0.5 0.203125 
0.0 0.0 0.0 0.0 0.0 0.0 0.0 0.0 0.25 0.041666666666666664 0.0 0.0 0.4166666666666667 0.4166666666666667 0.20833333333333334 0.125 0.09114583333333333 
0.0 0.041666666666666664 0.16666666666666666 0.0 0.0 0.041666666666666664 0.5 0.0 0.0 0.25 0.5 0.16666666666666666 0.0 0.2916666666666667 0.3333333333333333 0.375 0.16666666666666666 
0.0 0.0 0.0 0.0 0.0 0.08333333333333333 0.08333333333333333 0.041666666666666664 0.0 0.3333333333333333 0.4166666666666667 0.4166666666666667 0.0 0.2916666666666667 0.20833333333333334 0.125 0.125 
0.0 0.0 0.0 0.0 0.0 0.0 0.0 0.0 0.25 0.041666666666666664 0.0 0.0 0.4166666666666667 0.5 0.25 0.125 0.09895833333333333 
0.0 0.0 0.0 0.0 0.0 0.125 0.4583333333333333 0.0 0.0 0.2916666666666667 0.375 0.20833333333333334 0.0 0.2916666666666667 0.25 0.25 0.140625 
0.0 0.0 0.0 0.0 0.0 0.0 0.0 0.0 0.20833333333333334 0.4166666666666667 0.375 0.20833333333333334 0.4166666666666667 0.25 0.20833333333333334 0.3333333333333333 0.15104166666666666 
0.0 0.0 0.0 0.0 0.0 0.08333333333333333 0.08333333333333333 0.041666666666666664 0.0 0.3333333333333333 0.4166666666666667 0.4166666666666667 0.0 0.2916666666666667 0.20833333333333334 0.2916666666666667 0.13541666666666666 
0.0 0.08333333333333333 0.0 0.0 0.0 0.20833333333333334 0.2916666666666667 0.08333333333333333 0.0 0.16666666666666666 0.375 0.3333333333333333 0.08333333333333333 0.20833333333333334 0.375 0.3333333333333333 0.15885416666666666 
0.0 0.0 0.0 0.0 0.0 0.0 0.0 0.0 0.20833333333333334 0.4166666666666667 0.375 0.25 0.4166666666666667 0.25 0.20833333333333334 0.3333333333333333 0.15364583333333334 
0.0 0.0 0.0 0.0 0.0 0.08333333333333333 0.125 0.041666666666666664 0.0 0.4166666666666667 0.375 0.2916666666666667 0.08333333333333333 0.20833333333333334 0.25 0.2916666666666667 0.13541666666666666 
0.0 0.0 0.0 0.0 0.0 0.375 0.0 0.125 0.08333333333333333 0.5 0.041666666666666664 0.4583333333333333 0.3333333333333333 0.3333333333333333 0.20833333333333334 0.3333333333333333 0.17447916666666666 
0.0 0.0 0.0 0.0 0.0 0.08333333333333333 0.125 0.041666666666666664 0.0 0.375 0.375 0.2916666666666667 0.08333333333333333 0.20833333333333334 0.25 0.2916666666666667 0.1328125 
0.0 0.0 0.0 0.0 0.0 0.08333333333333333 0.125 0.041666666666666664 0.0 0.4166666666666667 0.4166666666666667 0.2916666666666667 0.08333333333333333 0.20833333333333334 0.2916666666666667 0.2916666666666667 0.140625 
0.0 0.08333333333333333 0.0 0.0 0.0 0.20833333333333334 0.2916666666666667 0.08333333333333333 0.0 0.16666666666666666 0.375 0.3333333333333333 0.08333333333333333 0.20833333333333334 0.375 0.2916666666666667 0.15625 
0.0 0.0 0.0 0.0 0.041666666666666664 0.08333333333333333 0.08333333333333333 0.0 0.16666666666666666 0.3333333333333333 0.0 0.3333333333333333 0.2916666666666667 0.4583333333333333 0.4583333333333333 0.375 0.1640625 
0.0 0.08333333333333333 0.0 0.0 0.0 0.20833333333333334 0.2916666666666667 0.08333333333333333 0.0 0.16666666666666666 0.375 0.3333333333333333 0.08333333333333333 0.20833333333333334 0.375 0.2916666666666667 0.15625 
0.0 0.0 0.0 0.0 0.0 0.041666666666666664 0.4583333333333333 0.041666666666666664 0.0 0.25 0.2916666666666667 0.125 0.0 0.2916666666666667 0.25 0.25 0.125 
0.041666666666666664 0.0 0.0 0.0 0.0 0.375 0.0 0.125 0.08333333333333333 0.5 0.041666666666666664 0.4583333333333333 0.375 0.3333333333333333 0.20833333333333334 0.3333333333333333 0.1796875 
0.0 0.0 0.0 0.0 0.0 0.08333333333333333 0.125 0.08333333333333333 0.0 0.4166666666666667 0.375 0.2916666666666667 0.08333333333333333 0.20833333333333334 0.25 0.2916666666666667 0.13802083333333334 
0.0 0.0 0.0 0.0 0.0 0.0 0.0 0.0 0.20833333333333334 0.4166666666666667 0.375 0.20833333333333334 0.4166666666666667 0.2916666666666667 0.20833333333333334 0.3333333333333333 0.15364583333333334 
0.0 0.0 0.0 0.0 0.0 0.08333333333333333 0.08333333333333333 0.041666666666666664 0.0 0.3333333333333333 0.4166666666666667 0.4166666666666667 0.0 0.2916666666666667 0.20833333333333334 0.125 0.125 
0.0 0.08333333333333333 0.0 0.0 0.08333333333333333 0.20833333333333334 0.2916666666666667 0.08333333333333333 0.2916666666666667 0.16666666666666666 0.375 0.3333333333333333 0.5 0.20833333333333334 0.375 0.2916666666666667 0.20572916666666666 
0.0 0.0 0.0 0.0 0.0 0.0 0.0 0.08333333333333333 0.20833333333333334 0.4166666666666667 0.375 0.20833333333333334 0.4583333333333333 0.25 0.20833333333333334 0.3333333333333333 0.15885416666666666 
0.0 0.08333333333333333 0.0 0.0 0.0 0.2916666666666667 0.2916666666666667 0.08333333333333333 0.0 0.2916666666666667 0.375 0.375 0.08333333333333333 0.375 0.5416666666666666 0.2916666666666667 0.19270833333333334 
0.0 0.0 0.0 0.0 0.0 0.0 0.0 0.0 0.25 0.041666666666666664 0.0 0.0 0.4166666666666667 0.4166666666666667 0.20833333333333334 0.125 0.09114583333333333 
0.0 0.0 0.0 0.0 0.0 0.0 0.0 0.0 0.25 0.041666666666666664 0.0 0.0 0.5 0.4166666666666667 0.20833333333333334 0.125 0.09635416666666667 
0.0 0.0 0.0 0.0 0.0 0.08333333333333333 0.125 0.041666666666666664 0.0 0.4166666666666667 0.375 0.2916666666666667 0.08333333333333333 0.20833333333333334 0.25 0.2916666666666667 0.13541666666666666 
0.0 0.08333333333333333 0.0 0.0 0.08333333333333333 0.20833333333333334 0.2916666666666667 0.08333333333333333 0.2916666666666667 0.16666666666666666 0.375 0.3333333333333333 0.16666666666666666 0.3333333333333333 0.5833333333333334 0.3333333333333333 0.20833333333333334 
0.0 0.0 0.0 0.0 0.041666666666666664 0.08333333333333333 0.125 0.041666666666666664 0.0 0.4166666666666667 0.375 0.375 0.08333333333333333 0.20833333333333334 0.25 0.2916666666666667 0.14322916666666666 
0.0 0.0 0.0 0.0 0.041666666666666664 0.08333333333333333 0.0 0.0 0.16666666666666666 0.3333333333333333 0.0 0.3333333333333333 0.125 0.16666666666666666 0.25 0.375 0.1171875 
0.0 0.0 0.0 0.0 0.0 0.08333333333333333 0.08333333333333333 0.041666666666666664 0.0 0.3333333333333333 0.4166666666666667 0.4166666666666667 0.0 0.2916666666666667 0.20833333333333334 0.125 0.125 
0.0 0.0 0.0 0.0 0.08333333333333333 0.08333333333333333 0.125 0.041666666666666664 0.2916666666666667 0.4166666666666667 0.375 0.2916666666666667 0.4166666666666667 0.25 0.25 0.2916666666666667 0.18229166666666666 
0.0 0.0 0.0 0.0 0.0 0.0 0.0 0.0 0.20833333333333334 0.4166666666666667 0.375 0.20833333333333334 0.4166666666666667 0.25 0.25 0.3333333333333333 0.15364583333333334 
0.0 0.0 0.0 0.0 0.0 0.0 0.0 0.0 0.25 0.041666666666666664 0.0 0.0 0.5 0.4583333333333333 0.25 0.125 0.1015625 
0.0 0.0 0.0 0.0 0.0 0.08333333333333333 0.08333333333333333 0.041666666666666664 0.0 0.3333333333333333 0.4166666666666667 0.4166666666666667 0.0 0.2916666666666667 0.20833333333333334 0.125 0.125 
0.0 0.0 0.0 0.0 0.0 0.041666666666666664 0.4583333333333333 0.0 0.0 0.25 0.2916666666666667 0.125 0.0 0.2916666666666667 0.25 0.25 0.12239583333333333 
0.0 0.0 0.0 0.0 0.0 0.0 0.0 0.0 0.25 0.041666666666666664 0.0 0.0 0.4583333333333333 0.4166666666666667 0.20833333333333334 0.125 0.09375 
0.0 0.0 0.0 0.0 0.041666666666666664 0.08333333333333333 0.0 0.0 0.16666666666666666 0.3333333333333333 0.0 0.3333333333333333 0.16666666666666666 0.3333333333333333 0.2916666666666667 0.375 0.1328125 
0.0 0.0 0.0 0.0 0.0 0.08333333333333333 0.125 0.041666666666666664 0.0 0.4166666666666667 0.375 0.2916666666666667 0.08333333333333333 0.20833333333333334 0.25 0.3333333333333333 0.13802083333333334 
0.0 0.0 0.0 0.0 0.3333333333333333 0.375 0.0 0.125 0.2916666666666667 0.5 0.041666666666666664 0.4583333333333333 0.375 0.3333333333333333 0.20833333333333334 0.3333333333333333 0.2109375 
0.0 0.0 0.0 0.0 0.08333333333333333 0.5416666666666666 0.08333333333333333 0.125 0.08333333333333333 0.5 0.041666666666666664 0.4583333333333333 0.3333333333333333 0.3333333333333333 0.20833333333333334 0.4166666666666667 0.20052083333333334 
0.0 0.0 0.0 0.0 0.0 0.08333333333333333 0.125 0.08333333333333333 0.0 0.4166666666666667 0.375 0.3333333333333333 0.08333333333333333 0.20833333333333334 0.25 0.2916666666666667 0.140625 
0.0 0.08333333333333333 0.0 0.0 0.0 0.20833333333333334 0.2916666666666667 0.125 0.0 0.16666666666666666 0.375 0.4166666666666667 0.08333333333333333 0.25 0.4166666666666667 0.375 0.17447916666666666 
0.0 0.0 0.0 0.0 0.0 0.0 0.0 0.0 0.2916666666666667 0.5416666666666666 0.375 0.20833333333333334 0.4166666666666667 0.3333333333333333 0.20833333333333334 0.3333333333333333 0.16927083333333334 
0.0 0.0 0.0 0.0 0.0 0.08333333333333333 0.125 0.041666666666666664 0.0 0.4166666666666667 0.375 0.2916666666666667 0.08333333333333333 0.20833333333333334 0.25 0.2916666666666667 0.13541666666666666 
0.0 0.0 0.0 0.0 0.0 0.0 0.0 0.0 0.20833333333333334 0.4166666666666667 0.375 0.20833333333333334 0.5 0.4583333333333333 0.375 0.4583333333333333 0.1875 
0.0 0.0 0.0 0.0 0.0 0.0 0.0 0.0 0.20833333333333334 0.4166666666666667 0.3333333333333333 0.20833333333333334 0.4166666666666667 0.25 0.20833333333333334 0.3333333333333333 0.1484375 
0.0 0.0 0.0 0.0 0.0 0.041666666666666664 0.4583333333333333 0.0 0.0 0.25 0.2916666666666667 0.125 0.0 0.2916666666666667 0.25 0.25 0.12239583333333333 
0.0 0.0 0.0 0.0 0.0 0.0 0.0 0.0 0.20833333333333334 0.4166666666666667 0.375 0.20833333333333334 0.4166666666666667 0.25 0.20833333333333334 0.3333333333333333 0.15104166666666666 
0.0 0.0 0.0 0.0 0.041666666666666664 0.08333333333333333 0.0 0.0 0.16666666666666666 0.3333333333333333 0.0 0.375 0.16666666666666666 0.3333333333333333 0.4583333333333333 0.4583333333333333 0.15104166666666666 
0.0 0.08333333333333333 0.041666666666666664 0.0 0.0 0.20833333333333334 0.2916666666666667 0.08333333333333333 0.0 0.16666666666666666 0.375 0.3333333333333333 0.08333333333333333 0.20833333333333334 0.375 0.2916666666666667 0.15885416666666666 
0.0 0.0 0.0 0.0 0.0 0.375 0.0 0.125 0.08333333333333333 0.5 0.041666666666666664 0.4583333333333333 0.3333333333333333 0.3333333333333333 0.2916666666666667 0.375 0.18229166666666666 
0.0 0.0 0.0 0.0 0.0 0.08333333333333333 0.08333333333333333 0.041666666666666664 0.0 0.3333333333333333 0.4166666666666667 0.4166666666666667 0.0 0.2916666666666667 0.20833333333333334 0.125 0.125 
0.0 0.0 0.0 0.0 0.0 0.0 0.0 0.0 0.20833333333333334 0.4166666666666667 0.375 0.20833333333333334 0.4583333333333333 0.25 0.20833333333333334 0.3333333333333333 0.15364583333333334 
0.0 0.0 0.0 0.0 0.0 0.041666666666666664 0.4583333333333333 0.0 0.0 0.25 0.2916666666666667 0.125 0.0 0.25 0.25 0.25 0.11979166666666667 
0.0 0.0 0.0 0.0 0.0 0.0 0.0 0.0 0.25 0.08333333333333333 0.0 0.0 0.4166666666666667 0.4166666666666667 0.20833333333333334 0.125 0.09375 
0.0 0.0 0.0 0.0 0.0 0.041666666666666664 0.4583333333333333 0.0 0.0 0.25 0.2916666666666667 0.20833333333333334 0.0 0.2916666666666667 0.25 0.2916666666666667 0.13020833333333334 
0.0 0.0 0.0 0.0 0.25 0.08333333333333333 0.08333333333333333 0.041666666666666664 0.041666666666666664 0.4166666666666667 0.3333333333333333 0.2916666666666667 0.08333333333333333 0.20833333333333334 0.20833333333333334 0.25 0.14322916666666666 
0.0 0.0 0.0 0.0 0.0 0.08333333333333333 0.125 0.041666666666666664 0.0 0.4166666666666667 0.375 0.2916666666666667 0.08333333333333333 0.20833333333333334 0.25 0.2916666666666667 0.13541666666666666 
0.0 0.0 0.0 0.0 0.0 0.0 0.0 0.0 0.25 0.041666666666666664 0.0 0.0 0.4166666666666667 0.4166666666666667 0.25 0.125 0.09375 
0.0 0.0 0.0 0.0 0.0 0.08333333333333333 0.125 0.041666666666666664 0.0 0.4166666666666667 0.375 0.2916666666666667 0.08333333333333333 0.20833333333333334 0.25 0.2916666666666667 0.13541666666666666 
