0 0 0 0 1 3 6 6 3 3 2 3 4 4 1 0 0 0 2 4 2 3 6 7 5 1 2 2 2 0 0 0 0 0 0 
1 1 3 4 8 9 8 5 5 5 5 4 4 1 0 0 0 0 8 9 2 4 13 9 3 5 6 4 0 0 0 0 0 0 0 
3 5 6 6 4 4 5 4 5 3 2 1 0 2 1 0 0 0 0 0 6 7 3 2 2 2 6 4 3 7 6 0 0 0 3 
0 0 1 1 2 4 7 10 5 2 3 5 5 5 2 0 0 0 5 6 3 2 4 6 5 2 1 2 0 0 0 0 3 5 8 
0 0 0 1 2 3 9 10 6 2 4 4 7 6 3 0 0 0 7 4 3 4 4 6 4 4 4 6 4 4 2 1 0 0 0 
1 4 5 5 5 4 3 4 5 5 1 2 2 2 4 0 0 0 0 0 1 2 10 10 8 4 4 3 4 3 1 2 0 0 0 
2 3 2 0 0 4 8 5 3 2 1 4 5 1 2 0 0 0 0 2 1 5 4 4 5 5 2 3 3 2 4 2 0 0 0 
0 0 1 4 2 5 9 6 5 5 3 4 5 2 0 0 0 0 0 0 0 5 5 3 7 7 3 5 4 3 5 3 1 0 0 
3 3 2 3 5 9 8 5 3 3 4 5 5 2 3 0 0 2 6 4 3 4 4 6 2 2 2 3 0 0 0 0 3 15 7 
0 0 0 3 6 9 8 5 3 4 7 5 1 0 0 0 0 0 0 0 9 6 6 4 4 2 4 6 2 2 2 2 1 1 0 
7 7 7 9 8 7 6 6 8 6 4 3 6 7 4 0 0 0 0 0 1 5 4 4 7 12 14 13 10 5 5 5 7 3 0 
0 0 0 0 0 4 8 5 3 2 1 4 5 0 0 0 0 0 0 0 0 5 4 3 3 4 2 3 3 2 2 1 0 0 0 
4 5 6 3 2 3 1 2 2 0 0 1 0 0 0 0 0 0 0 0 0 0 1 2 4 7 4 3 1 2 4 1 0 0 0 
0 0 0 0 0 3 8 6 4 2 3 4 5 0 0 0 0 0 0 0 0 6 6 3 3 4 2 3 5 2 1 0 0 0 0 
0 0 0 0 3 5 8 6 5 3 5 4 5 0 0 1 3 3 3 1 0 5 4 3 3 4 2 3 3 2 1 2 1 0 0 
3 4 1 7 8 11 12 7 2 2 3 4 5 2 1 0 0 2 6 4 4 5 7 9 3 3 3 3 4 4 5 4 5 1 0 
3 6 6 8 5 3 3 4 6 5 2 1 1 2 4 0 0 0 0 2 3 7 7 7 7 7 3 4 6 2 1 2 1 0 0 
4 5 5 6 5 2 2 3 4 4 1 0 0 0 0 0 0 0 0 0 0 5 3 3 4 8 3 1 2 2 1 5 2 0 2 
3 5 5 7 4 1 3 4 6 5 0 0 0 3 6 0 0 0 0 0 0 4 5 6 4 6 4 4 6 8 2 2 1 0 0 
0 0 0 2 4 6 8 4 2 0 2 7 6 2 1 0 0 1 4 4 2 3 3 3 3 6 8 7 0 0 0 0 0 0 0 
1 2 8 7 7 11 8 4 4 5 7 6 3 3 2 0 0 0 0 0 0 4 8 5 5 5 7 9 6 3 6 5 4 6 5 
1 0 0 5 6 6 5 3 2 6 4 5 3 0 0 0 0 0 7 4 3 3 4 3 2 4 4 5 4 2 1 0 0 0 0 
5 0 1 1 3 6 7 3 2 1 1 4 3 0 0 0 0 0 3 4 3 4 4 5 2 2 2 4 0 0 0 0 1 0 3 
8 10 9 8 7 8 6 8 7 4 5 5 5 4 7 0 0 0 0 0 1 5 8 15 12 10 9 4 7 6 5 15 2 2 0 
0 0 1 3 7 6 5 2 1 3 4 4 0 0 0 0 0 0 0 0 0 3 5 5 6 4 4 5 1 2 1 0 0 0 0 
0 0 0 2 3 4 11 10 6 3 4 4 5 2 2 0 0 0 0 0 0 6 7 3 4 4 2 4 3 2 4 2 6 5 4 
2 5 6 6 5 4 3 3 3 5 0 2 2 2 3 0 0 0 0 0 0 0 3 8 5 7 13 4 4 2 2 2 1 0 0 
0 0 0 0 1 3 8 9 5 2 3 4 7 6 6 0 0 0 7 4 2 4 4 9 8 2 3 2 4 0 0 0 0 3 2 
1 1 4 6 9 5 3 1 3 5 4 2 1 2 2 0 0 2 3 7 6 9 5 4 5 2 2 2 1 0 0 0 0 0 1 
0 0 0 0 0 4 8 7 4 3 3 5 5 2 1 0 0 0 0 0 1 7 8 4 3 4 2 3 5 2 2 1 0 0 0 
2 1 0 1 3 7 7 3 2 1 2 4 4 2 1 0 0 2 7 5 2 3 3 6 1 2 2 5 2 0 0 0 0 0 0 
0 0 0 3 5 7 6 5 3 7 8 7 1 3 5 0 0 0 0 0 0 3 6 5 5 4 5 6 2 2 1 7 4 6 4 
2 4 4 5 7 12 9 7 5 3 5 5 3 1 1 0 0 3 7 7 7 7 5 6 2 2 2 3 0 0 0 2 6 8 6 
1 2 7 11 7 7 3 3 7 7 5 3 3 2 1 0 0 1 3 1 3 5 10 10 5 3 3 3 6 1 1 3 4 3 4 
0 0 0 0 1 3 9 6 3 2 2 5 5 1 0 0 0 0 0 0 0 0 7 3 3 4 2 4 1 2 2 2 3 2 2 
3 3 6 7 10 6 6 3 5 9 6 2 0 0 0 0 0 0 0 6 4 2 6 8 9 4 4 7 10 2 1 1 1 1 0 
0 0 0 0 1 3 7 9 4 2 4 3 4 6 5 0 0 0 6 4 3 2 4 6 4 1 2 2 4 0 0 0 0 8 2 
2 7 5 3 3 5 7 2 1 1 1 2 2 0 0 0 0 0 4 4 3 4 6 3 2 2 4 5 0 0 0 0 0 2 2 
1 1 1 3 5 4 5 2 1 2 4 4 3 1 4 0 0 0 0 0 1 3 5 2 4 2 4 6 1 2 2 1 1 2 5 
2 1 2 6 6 4 7 9 3 1 0 0 2 3 1 0 0 0 1 4 3 2 1 2 6 1 2 4 2 2 1 3 5 6 2 
0 0 0 0 0 1 4 6 1 0 0 0 0 0 0 0 0 0 0 2 1 1 1 1 2 1 1 2 0 0 0 0 0 0 0 
0 2 1 2 5 7 5 2 1 2 4 3 0 0 0 0 0 0 0 0 0 2 4 4 4 3 4 6 1 2 1 0 0 1 2 
1 0 0 4 6 9 7 4 3 5 6 4 1 2 3 0 0 0 0 0 1 5 6 4 4 3 5 8 4 7 6 2 0 0 0 
0 0 0 0 0 2 8 8 5 2 1 4 2 3 1 0 0 1 5 4 4 3 1 2 4 1 2 2 6 1 0 0 0 0 0 
3 5 6 8 3 2 4 4 6 4 1 2 1 2 0 0 0 2 4 3 2 5 4 4 4 4 6 5 4 2 2 0 0 0 0 
5 6 6 6 6 3 1 2 3 6 4 0 0 0 0 0 1 3 2 6 4 3 4 5 6 2 2 2 3 2 0 0 0 1 2 
5 7 9 8 5 3 4 6 4 1 1 2 1 1 0 0 0 0 0 0 0 0 0 0 4 6 4 3 4 3 6 5 4 10 8 
7 4 4 5 5 6 4 0 2 2 4 3 2 1 2 0 0 0 0 0 0 3 5 5 4 6 6 4 3 3 5 5 2 0 0 
5 6 7 5 3 3 3 4 0 0 0 1 2 2 2 0 0 0 0 0 0 0 0 0 3 5 2 2 2 5 8 4 0 5 7 
1 1 1 4 7 8 7 3 3 3 6 4 0 0 0 0 0 0 0 0 0 5 6 4 4 3 4 6 1 2 2 1 4 3 3 
5 5 5 4 4 4 3 4 3 1 2 2 3 1 0 0 0 0 0 0 0 0 0 1 4 7 7 7 9 6 4 1 0 0 0 
0 0 0 0 0 2 6 4 1 0 2 3 4 1 0 0 0 0 0 0 0 0 1 3 3 4 5 3 1 2 1 0 0 0 0 
3 4 4 3 1 1 0 2 2 1 0 0 0 0 0 0 0 0 0 0 0 0 0 0 2 6 4 2 1 2 3 1 0 0 0 
2 3 4 6 3 2 2 3 4 3 1 1 1 2 4 0 0 0 0 0 0 0 2 5 3 2 3 2 4 3 3 2 1 1 10 
0 0 0 4 6 7 5 2 2 3 6 4 0 0 0 0 0 0 0 0 0 5 6 4 4 3 4 6 2 2 2 1 0 0 0 
