0 0 0 0 0 1 6 8 5 2 3 4 3 4 1 0 0 0 8 6 5 4 1 5 3 1 2 2 0 0 0 0 0 0 0 
2 2 5 6 5 7 2 1 2 1 2 0 0 1 1 0 1 1 1 3 4 2 2 5 5 2 1 1 3 1 2 0 0 1 2 
1 2 4 8 7 5 3 5 6 4 5 2 2 1 1 8 3 0 0 7 3 2 2 3 3 3 2 1 4 4 5 5 1 0 0 
0 0 0 3 3 6 7 6 4 2 1 2 0 0 0 0 0 0 4 3 2 5 2 2 1 2 1 2 1 2 1 3 2 1 0 
4 0 0 1 3 7 7 5 2 2 3 1 2 0 0 0 0 0 7 3 2 3 5 6 2 2 2 4 0 1 0 0 0 0 0 
4 5 3 8 11 9 6 5 5 4 2 2 1 1 1 0 0 3 10 4 4 5 3 5 4 4 2 2 2 2 4 2 0 5 6 
0 0 1 2 5 7 10 6 4 3 0 0 0 0 0 0 0 0 2 2 1 1 1 3 1 2 2 5 2 2 3 3 4 2 2 
7 7 7 5 6 2 2 3 1 1 2 1 2 1 0 0 0 0 0 4 3 3 3 2 4 1 3 2 4 4 3 1 2 3 5 
5 6 8 5 2 0 2 4 1 0 0 0 0 0 0 0 0 0 0 0 0 2 3 4 4 1 2 2 4 6 3 2 0 0 0 
2 5 7 6 5 4 3 2 2 1 1 1 1 3 2 0 0 0 2 2 3 10 7 3 4 2 1 2 2 2 4 1 0 0 0 
2 2 2 3 6 7 4 4 0 0 0 0 0 0 0 0 0 0 1 2 4 4 1 1 2 2 1 2 1 1 2 3 1 0 2 
0 0 1 2 0 5 8 4 3 1 2 1 0 0 0 0 0 2 3 2 1 3 2 1 1 1 2 2 2 1 1 2 1 0 0 
0 1 1 4 7 6 5 4 0 0 1 1 1 1 1 0 0 1 2 2 3 4 1 1 2 6 3 2 2 1 1 2 0 0 0 
0 0 1 2 2 7 8 5 4 3 2 2 0 0 1 0 0 2 4 3 2 5 2 2 1 1 2 2 2 2 1 4 2 0 0 
1 2 4 6 6 4 2 1 2 0 1 0 0 0 2 0 0 0 0 3 3 2 2 3 6 2 2 2 4 1 1 0 0 0 0 
3 5 5 8 4 3 3 2 2 4 4 3 3 2 4 0 0 0 0 5 10 11 5 2 2 2 3 2 2 2 2 0 0 1 6 
0 0 0 1 4 8 6 2 2 2 3 2 2 0 0 0 0 1 7 6 2 1 3 3 1 2 1 3 0 0 0 0 1 1 0 
0 0 0 1 3 7 8 3 3 2 5 2 4 0 0 0 0 0 5 3 1 2 3 5 6 5 3 4 0 0 0 0 1 0 0 
5 6 4 4 2 2 2 1 0 0 0 0 0 0 0 0 0 0 0 0 0 2 2 1 2 3 5 3 1 2 2 1 1 0 1 
6 5 4 3 3 0 1 3 1 2 2 3 1 1 0 0 0 0 4 4 0 3 3 2 4 1 2 1 2 2 2 3 0 1 1 
0 0 0 1 1 7 7 5 3 3 3 3 1 1 1 0 0 2 4 3 1 5 6 4 1 1 1 2 1 1 1 3 0 0 0 
0 0 0 0 1 3 7 10 7 1 1 2 1 2 0 0 0 0 8 3 2 2 1 3 2 4 4 2 4 0 0 0 0 0 0 
5 7 5 6 5 2 3 7 7 7 9 4 2 1 2 0 0 3 5 7 4 4 4 3 5 2 4 3 3 3 3 2 4 7 6 
4 8 11 10 6 5 4 6 5 0 2 1 1 2 2 0 0 0 5 5 8 8 4 2 3 4 2 3 3 4 8 3 2 1 2 
2 3 2 2 4 7 6 3 3 1 2 3 2 0 0 0 0 0 5 3 3 3 5 5 2 2 2 4 0 0 0 0 0 2 4 
3 2 3 7 8 8 4 2 0 1 0 0 0 0 0 0 0 0 5 4 3 3 2 2 4 6 4 1 3 1 0 0 0 0 0 
0 0 3 3 6 7 4 4 1 1 2 1 0 0 0 0 0 0 3 7 4 3 1 1 2 2 1 1 3 2 1 1 0 0 0 
3 4 5 5 4 4 4 4 5 4 1 3 2 3 2 0 0 0 0 0 0 4 5 5 6 8 10 7 4 2 2 0 0 0 0 
6 5 5 11 5 5 5 4 3 3 0 0 0 0 0 0 0 0 0 0 1 5 4 2 2 2 6 7 2 2 4 2 5 3 5 
3 6 5 7 4 4 4 4 1 0 0 0 0 0 2 0 0 0 2 1 2 2 2 1 1 2 1 2 2 1 2 2 8 6 3 
2 4 8 9 10 7 9 6 8 5 4 6 6 3 3 0 0 0 3 7 11 13 3 3 8 8 9 5 7 6 3 1 2 1 0 
4 6 2 4 2 6 5 5 4 3 2 0 0 1 2 0 0 2 3 2 2 4 2 1 1 1 2 2 3 3 5 6 3 2 2 
5 8 6 4 5 2 2 3 1 2 3 2 2 2 2 0 0 0 0 0 0 2 3 3 4 1 2 2 2 2 3 3 2 7 13 
0 0 0 0 0 1 3 6 1 0 0 0 2 3 1 0 0 3 2 3 1 1 1 1 1 1 1 2 0 0 0 0 0 0 0 
0 0 0 0 0 2 5 7 5 2 1 2 2 2 0 0 0 0 5 3 1 2 1 3 8 1 1 2 1 0 0 0 0 0 0 
1 0 0 2 7 9 10 5 2 1 2 1 0 0 0 0 0 0 3 3 1 2 4 9 2 2 2 4 2 1 0 0 0 3 2 
5 6 8 7 6 5 4 3 4 1 0 0 0 1 2 0 0 0 3 4 3 4 4 2 2 2 2 2 2 5 3 2 3 5 4 
2 5 5 6 8 7 5 4 2 0 0 0 0 0 0 0 0 0 6 6 5 5 2 1 2 2 2 2 2 1 2 2 0 1 3 
7 10 7 6 5 2 3 2 1 1 1 1 2 3 1 0 0 0 0 0 1 5 10 6 4 1 2 1 2 2 4 5 2 5 2 
0 0 0 0 1 3 7 8 5 2 2 4 2 2 0 0 0 0 8 3 2 2 3 6 3 1 2 2 4 0 0 0 0 0 0 
4 4 6 8 10 5 9 7 4 4 3 2 3 4 3 0 0 0 3 6 3 2 3 4 6 2 5 8 5 13 5 5 3 1 2 
0 0 0 1 4 8 8 3 1 2 4 2 3 1 1 0 0 7 7 3 2 2 3 4 2 2 2 4 0 0 0 0 0 0 0 
3 4 5 6 4 2 1 1 0 0 0 0 1 2 4 0 0 0 2 1 2 2 2 1 1 2 1 2 3 7 4 3 0 0 0 
0 0 0 1 3 7 8 4 2 3 2 0 0 0 0 0 0 1 4 2 2 2 4 5 2 2 2 4 0 0 0 0 0 0 0 
5 7 7 8 4 4 4 5 4 3 1 0 0 0 0 0 0 0 0 0 1 5 7 9 3 2 7 3 2 2 2 2 2 3 2 
4 2 4 6 9 8 8 9 5 7 4 4 4 4 4 5 11 3 3 2 4 5 2 3 5 7 3 3 5 4 7 4 3 2 1 
3 5 7 7 4 3 5 3 2 3 2 2 1 1 2 0 2 6 4 1 1 5 5 3 2 2 7 3 3 2 3 1 0 0 0 
0 0 0 0 1 3 7 9 5 2 2 4 2 2 0 0 0 0 8 3 2 2 3 6 3 1 3 2 4 0 0 0 0 0 0 
1 1 1 1 3 8 8 3 2 3 3 0 0 0 0 0 0 2 4 2 1 2 4 5 3 2 2 4 0 1 1 1 0 0 0 
1 1 1 1 3 5 5 2 2 2 4 3 4 1 0 0 1 2 6 7 5 2 3 3 1 2 1 2 0 0 0 0 0 0 0 
2 3 3 5 9 6 5 4 0 2 2 0 0 0 1 0 0 2 4 2 3 4 1 1 5 3 2 3 2 2 5 3 0 0 0 
0 0 0 0 1 3 6 7 4 2 2 3 1 2 0 0 0 0 8 3 1 2 2 6 2 1 2 2 2 0 0 0 0 0 0 
2 1 2 1 3 5 6 2 1 2 4 3 3 1 1 0 0 1 7 6 1 2 4 4 1 2 1 3 0 0 0 0 0 2 3 
1 2 6 5 9 4 6 5 6 5 1 3 4 3 3 0 0 0 2 3 2 2 3 9 8 3 1 3 6 5 6 7 3 0 0 
11 9 5 9 7 6 4 2 2 5 5 5 4 3 5 0 0 1 10 12 7 10 9 6 3 2 1 3 4 3 4 3 1 2 1 
0 0 0 0 0 1 5 6 1 0 0 2 2 2 1 0 0 0 2 5 2 2 1 2 2 1 1 2 0 0 0 0 0 0 0 
4 5 8 7 4 4 5 3 3 4 2 1 1 1 2 0 0 0 0 0 0 3 4 2 2 2 4 3 4 8 8 13 1 0 0 
4 6 5 8 7 9 6 4 4 2 4 2 2 2 2 1 3 6 10 3 2 3 4 2 3 4 4 2 6 4 2 2 0 3 3 
0 0 0 0 1 3 8 9 5 2 4 6 4 4 2 5 5 0 8 3 2 3 3 6 3 1 3 2 4 0 0 0 0 0 0 
5 5 6 7 7 7 4 4 7 5 5 8 5 5 5 1 2 1 2 3 2 3 6 5 6 7 8 5 4 6 8 8 5 1 2 
6 5 7 7 4 2 3 1 2 2 0 0 0 0 0 0 0 0 0 0 5 7 4 2 2 3 4 3 3 2 3 0 1 0 0 
6 7 9 6 6 3 5 5 3 4 3 3 2 1 0 0 3 3 2 4 1 4 3 2 4 1 2 3 3 2 3 5 6 6 6 
3 4 5 5 3 2 3 1 1 2 1 0 0 0 0 0 0 0 0 0 2 4 5 3 2 2 3 3 2 2 2 0 0 0 0 
10 6 5 7 5 4 1 2 3 1 0 0 1 1 4 0 0 0 2 2 2 3 3 5 3 4 4 4 6 4 5 1 1 1 0 
0 0 0 0 1 3 8 9 5 2 2 4 2 2 0 0 0 0 8 3 2 3 3 6 3 1 3 2 4 0 0 0 0 0 0 
0 1 1 3 7 6 4 4 0 4 4 2 0 0 2 0 0 2 4 2 3 4 1 1 2 2 1 1 3 2 2 4 1 2 1 
0 0 0 1 2 7 6 8 10 7 2 4 1 1 1 0 0 2 4 3 2 5 3 2 3 3 4 2 1 2 3 9 1 1 0 
3 5 10 13 14 10 6 5 6 3 4 4 4 3 5 1 3 2 6 9 10 7 4 7 7 5 3 3 4 3 8 12 1 0 0 
0 0 2 3 1 2 6 8 5 3 5 6 2 2 2 0 0 0 8 3 2 2 3 7 4 1 1 2 4 0 0 0 2 5 3 
3 5 5 7 4 2 4 3 2 2 1 0 0 0 0 0 0 0 0 0 1 5 5 3 2 2 7 3 2 2 3 0 0 0 3 
4 5 7 7 5 6 4 3 4 1 0 0 3 2 1 1 4 2 3 3 3 4 4 7 5 2 2 2 2 1 2 1 1 2 1 
3 5 5 6 6 8 5 4 4 4 4 4 4 6 6 5 2 9 5 2 2 3 4 2 1 2 1 2 2 4 6 4 6 8 4 
4 5 6 9 8 5 3 4 6 3 4 2 2 2 3 0 0 0 0 7 3 2 2 2 6 3 2 2 5 4 3 5 5 8 7 
