0.0 0.0 0.0 0.0 0.041666666666666664 0.041666666666666664 0.0 0.0 0.16666666666666666 0.3333333333333333 0.0 0.0 0.125 0.25 0.0 0.0 0.059895833333333336 
0.0 0.0 0.0 0.0 0.041666666666666664 0.3333333333333333 0.125 0.0 0.20833333333333334 0.20833333333333334 0.041666666666666664 0.0 0.16666666666666666 0.2916666666666667 0.08333333333333333 0.0 0.09375 
0.0 0.0 0.0 0.0 0.041666666666666664 0.3333333333333333 0.125 0.0 0.16666666666666666 0.20833333333333334 0.041666666666666664 0.0 0.16666666666666666 0.2916666666666667 0.08333333333333333 0.0 0.09114583333333333 
0.0 0.0 0.0 0.0 0.041666666666666664 0.041666666666666664 0.0 0.0 0.16666666666666666 0.3333333333333333 0.0 0.0 0.125 0.25 0.0 0.0 0.059895833333333336 
0.0 0.0 0.0 0.0 0.0 0.20833333333333334 0.20833333333333334 0.0 0.0 0.16666666666666666 0.25 0.0 0.0 0.25 0.25 0.0 0.08333333333333333 
0.0 0.0 0.0 0.0 0.0 0.20833333333333334 0.20833333333333334 0.0 0.0 0.16666666666666666 0.25 0.0 0.0 0.25 0.25 0.0 0.08333333333333333 
0.0 0.0 0.0 0.0 0.041666666666666664 0.3333333333333333 0.125 0.0 0.16666666666666666 0.20833333333333334 0.041666666666666664 0.0 0.25 0.3333333333333333 0.08333333333333333 0.0 0.09895833333333333 
0.0 0.0 0.0 0.0 0.041666666666666664 0.041666666666666664 0.0 0.0 0.16666666666666666 0.3333333333333333 0.0 0.0 0.20833333333333334 0.3333333333333333 0.0 0.0 0.0703125 
0.0 0.0 0.0 0.0 0.041666666666666664 0.041666666666666664 0.0 0.0 0.25 0.3333333333333333 0.0 0.0 0.125 0.25 0.0 0.0 0.06510416666666667 
0.0 0.0 0.0 0.0 0.08333333333333333 0.125 0.0 0.0 0.16666666666666666 0.3333333333333333 0.0 0.0 0.125 0.25 0.0 0.0 0.06770833333333333 
0.041666666666666664 0.041666666666666664 0.0 0.0 0.0 0.3333333333333333 0.20833333333333334 0.0 0.0 0.25 0.20833333333333334 0.0 0.125 0.2916666666666667 0.25 0.0 0.109375 
0.0 0.0 0.0 0.0 0.0 0.20833333333333334 0.20833333333333334 0.0 0.0 0.16666666666666666 0.2916666666666667 0.041666666666666664 0.0 0.25 0.3333333333333333 0.041666666666666664 0.09635416666666667 
0.0 0.0 0.0 0.0 0.0 0.20833333333333334 0.20833333333333334 0.0 0.0 0.16666666666666666 0.25 0.0 0.0 0.25 0.25 0.0 0.08333333333333333 
0.0 0.0 0.0 0.0 0.041666666666666664 0.041666666666666664 0.0 0.0 0.16666666666666666 0.3333333333333333 0.0 0.0 0.125 0.25 0.0 0.0 0.059895833333333336 
0.0 0.0 0.0 0.0 0.0 0.3333333333333333 0.16666666666666666 0.0 0.0 0.25 0.20833333333333334 0.0 0.125 0.2916666666666667 0.25 0.0 0.1015625 
0.0 0.0 0.0 0.0 0.041666666666666664 0.3333333333333333 0.125 0.0 0.16666666666666666 0.20833333333333334 0.041666666666666664 0.0 0.16666666666666666 0.2916666666666667 0.08333333333333333 0.0 0.09114583333333333 
0.0 0.0 0.0 0.0 0.0 0.3333333333333333 0.16666666666666666 0.0 0.0 0.25 0.20833333333333334 0.0 0.125 0.3333333333333333 0.25 0.0 0.10416666666666667 
0.0 0.0 0.0 0.0 0.0 0.375 0.25 0.0 0.0 0.25 0.20833333333333334 0.0 0.125 0.2916666666666667 0.25 0.0 0.109375 
0.0 0.0 0.0 0.0 0.0 0.20833333333333334 0.20833333333333334 0.0 0.0 0.16666666666666666 0.25 0.0 0.0 0.25 0.25 0.0 0.08333333333333333 
0.0 0.0 0.0 0.0 0.041666666666666664 0.041666666666666664 0.0 0.0 0.20833333333333334 0.3333333333333333 0.0 0.0 0.125 0.375 0.0 0.0 0.0703125 
0.0 0.0 0.0 0.0 0.0 0.3333333333333333 0.16666666666666666 0.0 0.0 0.25 0.20833333333333334 0.0 0.125 0.2916666666666667 0.25 0.0 0.1015625 
0.0 0.0 0.0 0.0 0.4583333333333333 0.375 0.16666666666666666 0.0 0.4166666666666667 0.25 0.2916666666666667 0.0 0.5 0.2916666666666667 0.2916666666666667 0.0 0.19010416666666666 
0.0 0.0 0.0 0.0 0.0 0.375 0.16666666666666666 0.0 0.0 0.25 0.2916666666666667 0.0 0.125 0.2916666666666667 0.25 0.0 0.109375 
0.0 0.0 0.0 0.0 0.041666666666666664 0.3333333333333333 0.16666666666666666 0.0 0.0 0.25 0.20833333333333334 0.0 0.125 0.2916666666666667 0.25 0.0 0.10416666666666667 
0.041666666666666664 0.0 0.0 0.0 0.041666666666666664 0.041666666666666664 0.0 0.0 0.16666666666666666 0.3333333333333333 0.0 0.0 0.125 0.25 0.0 0.0 0.0625 
0.0 0.0 0.0 0.0 0.041666666666666664 0.041666666666666664 0.0 0.0 0.16666666666666666 0.3333333333333333 0.0 0.0 0.125 0.25 0.0 0.0 0.059895833333333336 
0.0 0.0 0.0 0.0 0.0 0.3333333333333333 0.16666666666666666 0.0 0.0 0.25 0.20833333333333334 0.0 0.125 0.2916666666666667 0.25 0.0 0.1015625 
0.0 0.0 0.0 0.0 0.0 0.3333333333333333 0.20833333333333334 0.0 0.0 0.25 0.20833333333333334 0.0 0.125 0.2916666666666667 0.25 0.0 0.10416666666666667 
0.0 0.0 0.0 0.0 0.041666666666666664 0.041666666666666664 0.0 0.0 0.20833333333333334 0.3333333333333333 0.0 0.0 0.125 0.25 0.0 0.0 0.0625 
0.0 0.0 0.0 0.0 0.041666666666666664 0.3333333333333333 0.125 0.0 0.25 0.20833333333333334 0.041666666666666664 0.0 0.16666666666666666 0.2916666666666667 0.08333333333333333 0.0 0.09635416666666667 
0.0 0.0 0.0 0.0 0.041666666666666664 0.041666666666666664 0.0 0.0 0.16666666666666666 0.3333333333333333 0.0 0.0 0.125 0.25 0.0 0.0 0.059895833333333336 
0.0 0.0 0.0 0.0 0.08333333333333333 0.3333333333333333 0.125 0.0 0.25 0.20833333333333334 0.041666666666666664 0.0 0.16666666666666666 0.2916666666666667 0.08333333333333333 0.0 0.09895833333333333 
0.0 0.0 0.0 0.0 0.041666666666666664 0.3333333333333333 0.125 0.0 0.16666666666666666 0.20833333333333334 0.041666666666666664 0.0 0.16666666666666666 0.2916666666666667 0.041666666666666664 0.0 0.08854166666666667 
0.0 0.0 0.0 0.0 0.0 0.3333333333333333 0.16666666666666666 0.0 0.0 0.25 0.20833333333333334 0.0 0.125 0.2916666666666667 0.25 0.0 0.1015625 
0.0 0.0 0.0 0.0 0.0 0.20833333333333334 0.20833333333333334 0.0 0.0 0.16666666666666666 0.25 0.0 0.0 0.25 0.25 0.0 0.08333333333333333 
