0.0 0.0 0.0 0.0 0.0 0.0 0.0 0.0 0.041666666666666664 0.16666666666666666 0.0 0.0 0.20833333333333334 0.4166666666666667 0.20833333333333334 0.25 0.08072916666666667 
0.0 0.0 0.0 0.0 0.041666666666666664 0.3333333333333333 0.20833333333333334 0.0 0.3333333333333333 0.2916666666666667 0.0 0.041666666666666664 0.16666666666666666 0.4166666666666667 0.20833333333333334 0.0 0.12760416666666666 
0.0 0.0 0.0 0.0 0.041666666666666664 0.4166666666666667 0.4166666666666667 0.0 0.4166666666666667 0.20833333333333334 0.16666666666666666 0.041666666666666664 0.125 0.2916666666666667 0.0 0.0 0.1328125 
0.16666666666666666 0.16666666666666666 0.0 0.0 0.16666666666666666 0.041666666666666664 0.0 0.0 0.20833333333333334 0.20833333333333334 0.25 0.041666666666666664 0.08333333333333333 0.20833333333333334 0.0 0.20833333333333334 0.109375 
0.0 0.0 0.0 0.0 0.0 0.16666666666666666 0.125 0.0 0.0 0.041666666666666664 0.16666666666666666 0.0 0.0 0.16666666666666666 0.2916666666666667 0.0 0.059895833333333336 
0.0 0.0 0.0 0.0 0.0 0.125 0.20833333333333334 0.0 0.0 0.041666666666666664 0.2916666666666667 0.20833333333333334 0.0 0.16666666666666666 0.25 0.041666666666666664 0.08333333333333333 
0.0 0.0 0.0 0.0 0.041666666666666664 0.041666666666666664 0.041666666666666664 0.0 0.25 0.16666666666666666 0.0 0.0 0.375 0.3333333333333333 0.041666666666666664 0.041666666666666664 0.08333333333333333 
0.0 0.0 0.0 0.0 0.0 0.0 0.0 0.0 0.08333333333333333 0.25 0.0 0.0 0.16666666666666666 0.5416666666666666 0.125 0.125 0.08072916666666667 
0.125 0.0 0.0 0.0 0.375 0.125 0.0 0.0 0.375 0.3333333333333333 0.125 0.0 0.20833333333333334 0.5 0.125 0.375 0.16666666666666666 
0.0 0.0 0.0 0.0 0.25 0.25 0.08333333333333333 0.0 0.08333333333333333 0.2916666666666667 0.08333333333333333 0.0 0.16666666666666666 0.25 0.0 0.0 0.09114583333333333 
0.375 0.3333333333333333 0.125 0.0 0.041666666666666664 0.25 0.3333333333333333 0.25 0.0 0.20833333333333334 0.16666666666666666 0.0 0.16666666666666666 0.5833333333333334 0.4166666666666667 0.0 0.203125 
0.0 0.0 0.0 0.0 0.0 0.041666666666666664 0.0 0.0 0.0 0.08333333333333333 0.16666666666666666 0.041666666666666664 0.0 0.0 0.2916666666666667 0.0 0.0390625 
0.0 0.0 0.0 0.0 0.0 0.16666666666666666 0.25 0.08333333333333333 0.0 0.16666666666666666 0.16666666666666666 0.0 0.0 0.25 0.25 0.0 0.08333333333333333 
0.0 0.0 0.16666666666666666 0.125 0.0 0.0 0.0 0.125 0.08333333333333333 0.041666666666666664 0.0 0.0 0.0 0.25 0.0 0.0 0.049479166666666664 
0.0 0.0 0.125 0.125 0.0 0.25 0.2916666666666667 0.08333333333333333 0.0 0.2916666666666667 0.16666666666666666 0.125 0.08333333333333333 0.25 0.20833333333333334 0.0 0.125 
0.0 0.0 0.0 0.041666666666666664 0.041666666666666664 0.041666666666666664 0.0 0.041666666666666664 0.125 0.16666666666666666 0.0 0.0 0.0 0.25 0.0 0.0 0.044270833333333336 
0.08333333333333333 0.0 0.0 0.0 0.041666666666666664 0.4583333333333333 0.25 0.0 0.16666666666666666 0.25 0.16666666666666666 0.0 0.16666666666666666 0.5833333333333334 0.3333333333333333 0.041666666666666664 0.15885416666666666 
0.0 0.0 0.0 0.0 0.0 0.16666666666666666 0.16666666666666666 0.0 0.0 0.125 0.041666666666666664 0.0 0.08333333333333333 0.041666666666666664 0.041666666666666664 0.0 0.041666666666666664 
0.0 0.0 0.0 0.0 0.0 0.0 0.0 0.0 0.0 0.0 0.125 0.0 0.0 0.08333333333333333 0.25 0.0 0.028645833333333332 
0.0 0.0 0.0 0.0 0.0 0.0 0.0 0.0 0.16666666666666666 0.041666666666666664 0.0 0.0 0.2916666666666667 0.5 0.0 0.0 0.0625 
0.0 0.0 0.0 0.0 0.0 0.25 0.041666666666666664 0.0 0.0 0.125 0.041666666666666664 0.0 0.08333333333333333 0.08333333333333333 0.16666666666666666 0.0 0.049479166666666664 
0.0 0.041666666666666664 0.0 0.041666666666666664 0.375 0.2916666666666667 0.2916666666666667 0.0 0.375 0.4583333333333333 0.2916666666666667 0.0 0.4166666666666667 0.20833333333333334 0.4166666666666667 0.041666666666666664 0.203125 
0.0 0.0 0.0 0.0 0.0 0.2916666666666667 0.20833333333333334 0.0 0.16666666666666666 0.375 0.3333333333333333 0.3333333333333333 0.08333333333333333 0.08333333333333333 0.16666666666666666 0.0 0.12760416666666666 
0.041666666666666664 0.0 0.0 0.0 0.08333333333333333 0.25 0.2916666666666667 0.0 0.0 0.2916666666666667 0.16666666666666666 0.0 0.08333333333333333 0.20833333333333334 0.20833333333333334 0.0 0.1015625 
0.16666666666666666 0.125 0.0 0.0 0.16666666666666666 0.375 0.20833333333333334 0.16666666666666666 0.2916666666666667 0.25 0.0 0.0 0.20833333333333334 0.25 0.0 0.0 0.13802083333333334 
0.0 0.0 0.0 0.0 0.041666666666666664 0.0 0.0 0.125 0.16666666666666666 0.2916666666666667 0.0 0.0 0.125 0.25 0.0 0.0 0.0625 
0.0 0.0 0.0 0.0 0.0 0.25 0.20833333333333334 0.0 0.0 0.20833333333333334 0.16666666666666666 0.0 0.375 0.2916666666666667 0.3333333333333333 0.16666666666666666 0.125 
0.20833333333333334 0.08333333333333333 0.16666666666666666 0.0 0.0 0.25 0.25 0.125 0.0 0.20833333333333334 0.16666666666666666 0.0 0.08333333333333333 0.20833333333333334 0.25 0.0 0.125 
0.0 0.0 0.0 0.0 0.0 0.0 0.0 0.0 0.4166666666666667 0.25 0.0 0.0 0.16666666666666666 0.20833333333333334 0.0 0.0 0.06510416666666667 
0.0 0.08333333333333333 0.25 0.08333333333333333 0.08333333333333333 0.2916666666666667 0.125 0.20833333333333334 0.3333333333333333 0.25 0.125 0.0 0.16666666666666666 0.25 0.041666666666666664 0.0 0.14322916666666666 
0.0 0.0 0.0 0.0 0.0 0.0 0.0 0.0 0.25 0.375 0.0 0.0 0.16666666666666666 0.25 0.0 0.0 0.06510416666666667 
0.0 0.0 0.0 0.0 0.125 0.3333333333333333 0.125 0.0 0.375 0.3333333333333333 0.0 0.0 0.16666666666666666 0.4166666666666667 0.2916666666666667 0.16666666666666666 0.14583333333333334 
0.0 0.0 0.0 0.0 0.08333333333333333 0.20833333333333334 0.041666666666666664 0.125 0.2916666666666667 0.2916666666666667 0.0 0.08333333333333333 0.25 0.4166666666666667 0.20833333333333334 0.041666666666666664 0.12760416666666666 
0.0 0.0 0.0 0.0 0.0 0.25 0.20833333333333334 0.0 0.0 0.20833333333333334 0.16666666666666666 0.0 0.08333333333333333 0.20833333333333334 0.20833333333333334 0.0 0.08333333333333333 
0.0 0.0 0.0 0.0 0.0 0.08333333333333333 0.3333333333333333 0.0 0.0 0.0 0.2916666666666667 0.16666666666666666 0.125 0.20833333333333334 0.20833333333333334 0.25 0.10416666666666667 
