1 2 3 9 8 4 2 1 0 0 0 0 0 0 0 0 0 0 0 5 3 2 3 2 2 1 2 5 3 2 0 0 0 0 0 
5 10 8 6 5 4 2 1 1 2 2 0 0 0 0 0 0 0 0 0 4 6 10 0 4 2 2 1 2 2 3 0 2 5 3 
2 2 8 7 8 6 2 2 0 0 0 0 0 0 1 0 0 0 1 4 2 2 2 4 4 2 2 1 3 1 1 1 3 3 2 
0 0 0 0 0 1 6 8 4 1 0 0 0 1 2 0 0 0 6 3 2 2 1 1 2 1 1 1 3 0 0 0 0 0 0 
1 2 4 7 3 3 2 0 0 0 1 0 0 0 0 0 0 0 0 2 1 0 2 2 1 1 2 1 3 1 2 2 2 0 1 
2 1 1 2 5 9 9 4 1 0 0 0 0 0 0 0 0 3 3 2 2 2 2 2 2 2 2 4 0 0 1 2 1 2 2 
0 0 0 0 0 1 6 8 3 1 0 0 2 1 2 0 0 1 7 2 1 2 1 1 2 1 1 1 3 0 0 0 0 1 0 
2 1 1 2 4 6 7 2 1 0 0 2 4 1 2 0 0 0 3 2 3 4 3 2 1 2 2 4 0 5 2 1 0 0 1 
0 1 5 6 6 3 1 0 1 2 1 1 1 1 2 0 0 0 0 4 2 2 1 2 2 2 2 1 3 1 1 0 0 2 6 
3 1 6 9 9 6 3 4 0 0 0 0 0 1 3 0 0 0 5 4 2 2 1 2 2 2 2 1 4 4 4 4 2 1 3 
5 6 8 4 2 2 1 1 1 2 1 1 2 3 3 0 0 0 0 0 3 5 10 8 5 1 1 2 2 2 3 0 0 0 0 
3 3 4 4 3 1 0 0 0 0 0 0 0 0 0 0 0 0 0 0 0 0 2 3 2 1 0 1 2 3 4 0 0 0 0 
7 7 9 6 8 5 2 3 2 1 2 1 3 5 5 0 0 0 0 0 0 2 4 7 8 7 4 2 6 9 8 2 2 3 2 
0 1 4 7 6 2 1 0 0 0 0 0 0 0 2 0 0 0 0 3 2 1 1 2 1 1 2 1 3 1 1 0 0 2 2 
0 0 3 6 2 0 0 0 0 1 1 1 1 1 1 0 0 0 0 0 0 0 2 2 1 1 2 1 2 0 0 0 0 0 6 
4 6 8 7 4 2 1 1 0 0 2 3 3 2 2 0 0 0 0 0 2 3 2 1 2 8 4 5 3 3 6 6 0 0 0 
5 0 0 1 3 9 10 6 0 2 1 0 0 0 0 2 1 3 2 2 3 4 5 2 3 1 2 4 1 2 0 0 0 0 0 
3 4 4 6 7 3 1 0 0 1 0 1 1 1 1 0 0 0 0 3 2 1 1 2 1 1 3 5 7 5 0 2 0 0 0 
2 2 4 6 7 3 1 0 0 2 1 0 0 0 1 0 0 0 0 3 2 2 1 2 2 1 2 1 4 8 1 0 0 0 0 
8 7 6 8 6 2 2 2 2 3 3 5 3 3 4 0 0 0 3 3 3 2 4 3 3 4 7 3 4 8 5 4 3 4 1 
3 8 6 3 2 1 0 0 0 0 0 1 1 1 0 3 0 0 0 0 0 2 2 2 3 2 2 2 2 2 3 1 0 0 0 
2 3 5 6 6 4 2 3 1 0 0 0 1 1 2 0 0 0 0 6 2 2 1 4 5 4 4 4 4 0 0 0 0 0 0 
0 0 0 1 3 7 7 3 1 0 2 1 1 1 1 0 0 2 2 2 4 6 2 1 1 2 2 4 0 0 0 0 0 0 0 
4 5 6 4 4 5 2 4 4 2 3 4 5 3 2 0 0 0 0 0 0 2 2 0 5 8 3 4 6 7 9 5 3 1 2 
7 6 7 5 3 3 3 3 3 2 2 1 1 1 2 0 0 0 1 2 1 0 2 2 1 4 5 6 4 5 6 4 4 2 0 
0 0 0 1 2 5 6 2 0 0 0 0 0 0 0 0 0 0 2 2 1 1 1 1 1 1 2 4 0 0 0 0 0 0 0 
0 0 1 2 1 1 5 6 3 1 0 0 0 0 0 0 0 0 4 2 1 1 1 1 2 1 1 1 1 0 0 2 1 1 0 
2 1 1 2 3 5 8 4 1 0 0 0 1 2 2 0 0 0 3 2 1 1 1 1 1 4 3 4 1 0 1 3 2 2 2 
0 1 2 3 5 9 9 7 3 2 2 2 2 3 3 0 0 3 3 2 6 8 2 3 3 4 4 6 2 2 0 0 4 1 0 
0 0 0 0 1 2 2 5 3 1 0 0 0 0 0 0 0 0 2 2 1 1 1 1 0 0 1 3 2 0 0 0 0 0 0 
5 6 6 5 6 2 1 2 4 3 4 4 3 4 4 0 0 2 7 7 5 3 2 0 3 2 3 5 5 2 3 10 0 0 0 
1 2 4 8 5 3 1 0 0 0 0 1 2 4 5 0 0 0 0 0 3 3 3 4 2 2 2 4 4 0 0 2 3 2 2 
6 6 7 3 2 1 0 0 0 1 2 1 1 1 0 0 0 0 0 0 1 4 11 1 3 1 1 2 2 2 3 0 0 0 0 
2 4 6 6 3 1 2 1 2 1 0 0 0 1 3 0 0 0 0 0 0 1 2 2 1 2 1 4 5 5 4 0 2 2 1 
2 2 2 4 4 8 10 5 2 2 1 1 2 1 1 0 0 1 3 2 2 1 2 1 2 5 4 7 4 3 0 0 3 4 3 
6 9 7 5 6 5 3 4 5 1 3 5 5 4 1 0 0 1 5 3 0 2 2 1 3 2 1 2 2 3 5 11 8 9 9 
5 7 6 7 5 4 2 4 4 5 4 2 2 1 0 0 0 0 0 0 1 3 2 5 9 6 5 5 3 2 2 3 5 4 3 
3 5 6 7 3 2 1 1 0 0 0 1 0 1 1 0 0 1 1 7 1 0 2 2 1 4 4 3 3 1 0 0 1 0 0 
0 0 2 1 3 3 7 10 6 2 2 1 2 1 1 0 0 2 7 4 2 2 2 2 2 2 2 3 5 0 0 0 1 3 2 
1 2 6 8 7 3 3 2 1 1 1 1 3 2 3 0 0 0 1 7 5 6 7 3 2 2 2 1 3 1 1 0 0 1 2 
3 6 5 8 6 4 5 4 4 3 2 2 3 2 2 0 0 0 0 1 3 6 3 5 4 6 8 5 2 4 3 2 1 2 4 
4 2 2 3 4 8 9 4 3 0 2 1 2 1 0 0 0 2 3 2 2 1 2 5 4 2 3 7 2 2 2 2 1 1 2 
0 0 0 0 4 8 6 2 4 2 0 1 0 0 0 0 0 0 3 2 1 2 2 2 2 2 5 5 1 0 0 0 0 0 0 
1 3 4 7 5 3 3 1 2 1 2 1 3 1 2 0 0 0 0 3 1 0 2 2 1 3 2 5 6 1 3 1 3 3 3 
6 6 6 4 5 3 2 2 2 2 3 3 3 2 3 0 0 0 0 0 0 1 2 0 2 2 2 2 2 2 5 4 10 12 6 
1 2 5 6 7 5 3 2 3 2 2 1 2 1 3 0 0 0 0 3 1 0 2 3 2 5 9 5 6 5 3 1 0 0 0 
0 0 0 0 0 0 5 7 3 1 0 0 0 2 2 0 0 0 4 2 1 1 1 1 2 1 1 2 0 0 0 0 0 2 2 
4 1 0 1 5 9 8 5 3 1 0 0 0 1 1 0 0 0 5 3 3 2 2 1 1 2 2 3 3 4 7 1 0 0 0 
3 7 5 6 3 2 2 2 3 3 3 4 3 2 2 0 0 0 0 0 4 7 7 5 7 4 2 2 1 2 2 0 2 3 2 
3 9 6 4 2 2 0 0 2 2 2 2 3 3 2 0 0 0 0 0 3 3 4 4 5 2 2 2 2 2 3 1 1 6 2 
0 2 5 6 4 2 3 1 1 1 3 2 2 2 3 0 0 0 0 3 2 2 4 3 4 3 2 2 3 1 0 1 1 5 1 
0 0 0 1 4 6 9 3 3 1 1 1 0 0 0 0 0 0 3 2 1 1 2 2 3 5 6 4 0 0 0 0 0 0 0 
3 6 7 5 4 4 2 2 1 1 1 2 1 1 0 0 0 1 0 0 0 3 3 12 2 3 7 2 1 2 3 1 0 0 0 
0 0 0 0 0 0 5 5 2 1 0 0 0 0 0 2 2 0 0 0 0 1 2 2 2 1 1 0 0 0 0 0 0 0 0 
