0 0 0 0 1 4 6 4 3 4 7 6 0 0 0 0 0 0 2 4 3 3 4 4 4 2 2 4 3 0 0 0 0 0 0 
3 5 4 4 4 4 5 1 0 0 0 0 1 2 2 0 0 0 2 1 0 0 3 3 2 3 3 5 5 3 5 0 0 0 0 
3 4 3 3 4 8 7 3 3 2 2 2 3 3 2 0 0 0 0 0 0 0 4 4 6 5 5 3 1 2 4 8 0 5 5 
0 0 0 0 0 1 5 3 1 4 8 6 1 0 0 0 0 0 0 5 5 4 2 4 3 2 1 3 0 0 0 0 0 0 0 
3 5 5 5 4 5 7 3 1 1 2 0 0 3 2 0 0 0 0 0 1 4 9 6 5 4 5 4 2 2 4 0 0 0 0 
0 0 0 2 5 5 3 2 5 6 4 0 0 0 0 0 0 0 0 4 4 3 4 5 1 2 3 6 0 0 0 0 0 0 0 
0 0 0 2 3 3 2 2 5 6 4 0 0 0 0 0 0 0 0 4 4 1 2 3 1 2 4 6 0 0 0 0 0 0 0 
0 0 0 0 1 4 6 3 2 4 8 6 1 0 0 0 0 0 1 4 3 3 5 4 3 2 2 5 3 0 0 0 0 0 0 
3 5 4 3 4 5 4 2 2 1 2 3 1 2 1 0 0 0 0 0 0 0 1 1 2 3 7 3 2 5 6 0 4 4 4 
0 0 0 0 1 4 6 3 3 5 8 9 3 3 2 0 1 1 2 6 5 6 3 4 4 2 5 5 3 0 0 0 0 0 0 
0 1 2 4 7 9 7 5 5 6 7 3 3 3 4 0 0 0 7 5 2 3 4 5 4 9 11 6 2 1 1 2 1 2 1 
2 6 2 2 3 6 7 6 4 3 3 3 2 0 0 0 0 0 0 0 1 12 1 3 3 4 2 3 3 5 6 2 1 1 2 
2 3 4 5 6 6 6 4 7 8 4 3 3 7 6 0 0 0 2 8 14 13 9 5 1 4 5 6 2 2 0 0 0 2 1 
4 7 5 5 3 4 4 0 0 0 0 1 2 3 6 0 0 0 1 2 1 0 2 2 1 2 5 3 2 3 5 4 4 4 3 
5 5 7 5 4 7 7 3 1 0 0 0 0 0 0 0 0 0 0 0 1 8 4 3 8 4 4 3 1 3 5 0 0 0 0 
4 0 0 2 4 4 3 1 5 8 5 2 2 3 2 0 0 0 1 5 4 2 2 3 1 2 3 6 0 0 1 4 5 3 3 
1 4 5 6 4 1 4 8 6 2 2 1 1 0 3 0 0 0 0 1 6 7 5 5 4 1 2 2 0 1 4 1 3 3 3 
0 1 5 5 3 0 4 5 0 0 0 0 0 1 2 0 0 0 2 2 4 3 1 3 4 2 1 2 2 0 0 0 0 0 0 
0 0 0 0 1 2 4 5 4 4 8 6 3 3 3 0 0 0 0 3 9 10 11 6 2 1 1 0 0 0 0 0 0 0 0 
0 0 0 0 0 3 6 4 3 4 7 7 0 0 0 0 0 0 0 4 3 2 3 4 4 2 3 6 3 0 0 0 0 0 0 
3 4 3 3 5 7 6 3 1 2 1 1 1 2 2 0 0 0 0 0 0 0 6 8 6 8 4 3 1 3 5 0 0 0 0 
3 1 2 4 5 7 5 6 8 8 6 2 2 0 0 0 0 0 3 5 4 3 4 7 4 4 4 6 0 0 0 3 4 4 4 
0 0 0 3 4 5 5 3 6 7 4 3 1 0 0 0 0 0 1 5 5 6 4 3 1 3 4 6 0 0 0 0 0 1 2 
4 7 6 4 5 6 7 3 2 1 0 0 0 0 0 0 0 0 0 0 0 0 5 6 6 4 5 5 3 4 5 2 0 0 0 
2 7 7 7 5 6 9 4 3 2 1 1 1 1 0 0 0 0 1 3 6 12 8 4 2 2 4 3 1 2 2 0 0 2 4 
4 2 3 5 6 6 3 3 4 7 3 1 0 0 0 0 0 0 1 8 8 6 3 1 2 3 4 7 2 2 0 0 0 0 0 
5 6 7 7 6 4 5 7 5 1 0 0 0 1 4 0 0 0 3 3 3 5 10 8 7 2 2 4 5 3 1 0 1 0 1 
0 3 5 6 4 5 6 8 3 1 1 1 1 1 2 3 8 0 0 3 3 4 2 3 6 1 3 4 5 2 0 0 0 0 0 
1 2 4 5 4 2 3 5 0 0 0 0 0 1 2 0 0 0 0 0 2 2 1 3 5 5 5 3 0 2 1 0 0 0 0 
0 0 0 0 1 5 6 4 3 5 8 10 0 0 0 0 0 0 1 4 4 3 4 5 5 2 3 6 4 1 0 0 0 0 0 
0 0 0 0 1 4 6 2 1 2 4 5 0 0 0 0 0 0 0 0 2 3 3 4 2 1 2 2 3 0 0 0 0 0 3 
0 0 0 0 0 1 4 1 0 1 5 5 1 0 2 0 0 0 0 0 2 2 3 5 2 1 2 1 0 0 0 0 0 0 2 
2 0 0 2 1 1 2 2 2 4 2 0 0 0 0 0 0 3 0 0 0 1 2 1 1 1 2 6 1 0 0 0 0 0 0 
0 0 0 0 0 0 4 2 1 4 8 1 0 0 0 0 0 0 0 4 2 1 2 4 2 2 1 2 0 0 0 0 0 0 0 
1 2 1 4 9 8 6 7 9 10 7 3 2 4 3 0 2 5 9 7 6 5 5 7 3 2 3 6 0 0 0 0 2 8 6 
2 5 5 6 4 2 3 2 4 4 1 1 1 2 4 2 1 0 0 0 0 0 3 8 6 8 5 3 4 2 2 2 0 0 0 
6 6 5 7 4 2 4 5 7 3 3 3 3 3 0 0 5 1 0 0 3 8 5 3 3 2 5 8 10 5 1 2 0 0 0 
5 8 7 7 9 7 7 0 0 0 0 0 0 0 0 6 1 0 0 0 2 1 5 3 2 2 5 3 6 5 5 1 2 0 1 
0 0 0 0 1 3 6 2 1 4 8 6 0 0 0 0 0 0 1 4 3 2 4 4 3 2 2 5 1 0 0 0 0 0 0 
5 2 1 3 3 5 3 2 4 8 6 3 1 0 1 0 0 0 0 3 3 2 4 3 2 2 5 5 6 4 6 2 0 0 0 
6 10 5 2 3 5 4 4 6 8 4 2 1 3 3 0 0 0 0 5 5 3 4 6 3 4 6 11 6 2 3 3 3 1 1 
1 2 5 6 4 3 3 7 2 0 0 0 0 0 0 0 0 0 0 1 2 3 2 3 6 1 2 7 5 1 0 0 0 0 0 
3 3 0 3 6 6 3 2 6 9 6 2 2 2 2 0 4 0 0 4 4 5 5 7 2 4 3 6 0 1 2 6 2 0 0 
4 1 1 4 3 3 1 0 2 6 4 0 0 0 0 0 0 0 0 2 2 1 2 2 1 2 3 3 5 4 1 1 0 0 0 
0 0 0 0 0 0 4 2 1 3 8 6 2 1 1 0 0 0 0 4 4 4 4 4 3 2 1 2 0 0 0 0 0 0 0 
