0.125 0.041666666666666664 0.0 0.0 0.0 0.20833333333333334 0.2916666666666667 0.3333333333333333 0.0 0.0 0.0 0.0 0.0 0.08333333333333333 0.08333333333333333 0.0 0.07291666666666667 
0.0 0.0 0.0 0.0 0.0 0.041666666666666664 0.2916666666666667 0.16666666666666666 0.0 0.0 0.041666666666666664 0.0 0.20833333333333334 0.2916666666666667 0.16666666666666666 0.0 0.07552083333333333 
0.0 0.0 0.0 0.0 0.3333333333333333 0.4166666666666667 0.3333333333333333 0.0 0.0 0.125 0.125 0.125 0.041666666666666664 0.0 0.0 0.0 0.09375 
0.0 0.0 0.0 0.0 0.041666666666666664 0.3333333333333333 0.20833333333333334 0.0 0.0 0.0 0.0 0.0 0.125 0.08333333333333333 0.0 0.0 0.049479166666666664 
0.0 0.0 0.0 0.0 0.0 0.0 0.041666666666666664 0.0 0.0 0.20833333333333334 0.2916666666666667 0.0 0.125 0.041666666666666664 0.0 0.0 0.044270833333333336 
0.0 0.0 0.08333333333333333 0.125 0.0 0.16666666666666666 0.375 0.125 0.0 0.041666666666666664 0.08333333333333333 0.0 0.0 0.2916666666666667 0.08333333333333333 0.0 0.0859375 
0.0 0.0 0.0 0.0 0.041666666666666664 0.0 0.0 0.0 0.5833333333333334 0.625 0.3333333333333333 0.041666666666666664 0.20833333333333334 0.375 0.08333333333333333 0.0 0.14322916666666666 
0.0 0.0 0.0 0.0 0.0 0.08333333333333333 0.16666666666666666 0.0 0.0 0.16666666666666666 0.08333333333333333 0.0 0.0 0.0 0.0 0.0 0.03125 
0.0 0.0 0.0 0.0 0.0 0.0 0.0 0.08333333333333333 0.0 0.0 0.16666666666666666 0.0 0.0 0.2916666666666667 0.20833333333333334 0.125 0.0546875 
0.0 0.0 0.0 0.0 0.0 0.0 0.16666666666666666 0.125 0.0 0.0 0.0 0.0 0.0 0.08333333333333333 0.0 0.0 0.0234375 
0.0 0.0 0.0 0.0 0.0 0.2916666666666667 0.20833333333333334 0.041666666666666664 0.0 0.0 0.0 0.0 0.0 0.16666666666666666 0.0 0.0 0.044270833333333336 
0.0 0.0 0.0 0.0 0.08333333333333333 0.16666666666666666 0.4583333333333333 0.08333333333333333 0.16666666666666666 0.041666666666666664 0.16666666666666666 0.0 0.0 0.25 0.0 0.0 0.08854166666666667 
0.041666666666666664 0.0 0.0 0.0 0.20833333333333334 0.0 0.0 0.041666666666666664 0.041666666666666664 0.041666666666666664 0.0 0.0 0.16666666666666666 0.125 0.08333333333333333 0.0 0.046875 
0.0 0.0 0.0 0.0 0.0 0.0 0.0 0.0 0.2916666666666667 0.4583333333333333 0.16666666666666666 0.0 0.125 0.20833333333333334 0.0 0.0 0.078125 
0.0 0.0 0.0 0.0 0.25 0.20833333333333334 0.4583333333333333 0.08333333333333333 0.0 0.25 0.2916666666666667 0.0 0.0 0.25 0.0 0.0 0.11197916666666667 
0.0 0.0 0.0 0.0 0.041666666666666664 0.0 0.16666666666666666 0.0 0.041666666666666664 0.16666666666666666 0.16666666666666666 0.0 0.08333333333333333 0.08333333333333333 0.0 0.0 0.046875 
0.0 0.0 0.0 0.0 0.0 0.0 0.20833333333333334 0.16666666666666666 0.0 0.0 0.16666666666666666 0.0 0.0 0.16666666666666666 0.125 0.0 0.052083333333333336 
0.0 0.0 0.0 0.0 0.0 0.0 0.16666666666666666 0.16666666666666666 0.0 0.041666666666666664 0.041666666666666664 0.0 0.0 0.25 0.08333333333333333 0.0 0.046875 
0.0 0.0 0.0 0.0 0.0 0.08333333333333333 0.3333333333333333 0.25 0.0 0.0 0.16666666666666666 0.0 0.0 0.20833333333333334 0.08333333333333333 0.0 0.0703125 
0.0 0.0 0.0 0.0 0.0 0.0 0.0 0.0 0.0 0.16666666666666666 0.125 0.0 0.4583333333333333 0.041666666666666664 0.0 0.125 0.057291666666666664 
0.0 0.0 0.0 0.041666666666666664 0.0 0.0 0.0 0.08333333333333333 0.0 0.25 0.125 0.0 0.16666666666666666 0.16666666666666666 0.0 0.0 0.052083333333333336 
0.0 0.0 0.0 0.0 0.0 0.16666666666666666 0.375 0.2916666666666667 0.0 0.0 0.20833333333333334 0.0 0.0 0.25 0.16666666666666666 0.0 0.09114583333333333 
0.0 0.0 0.0 0.0 0.0 0.16666666666666666 0.25 0.25 0.0 0.0 0.0 0.0 0.0 0.08333333333333333 0.08333333333333333 0.0 0.052083333333333336 
0.0 0.041666666666666664 0.16666666666666666 0.08333333333333333 0.0 0.25 0.375 0.08333333333333333 0.0 0.16666666666666666 0.2916666666666667 0.16666666666666666 0.0 0.16666666666666666 0.0 0.20833333333333334 0.125 
0.0 0.0 0.041666666666666664 0.08333333333333333 0.041666666666666664 0.08333333333333333 0.16666666666666666 0.0 0.0 0.041666666666666664 0.08333333333333333 0.0 0.2916666666666667 0.3333333333333333 0.16666666666666666 0.3333333333333333 0.10416666666666667 
