0 1 0 0 0 1 4 4 3 2 2 2 2 2 1 0 0 1 1 7 4 2 0 1 1 2 2 2 1 0 0 0 0 0 0 
0 0 0 2 2 1 2 6 5 4 3 1 0 0 0 0 0 0 0 5 0 0 1 1 1 1 3 5 4 3 2 0 0 0 0 
2 3 5 5 3 4 4 4 4 3 2 1 1 3 5 0 0 0 0 11 10 8 6 3 1 0 0 2 2 0 0 2 2 1 1 
2 0 4 5 5 4 4 3 3 4 2 2 2 3 4 0 0 0 0 4 7 2 0 0 0 1 2 2 2 1 2 1 2 13 8 
2 3 3 1 1 1 2 3 2 3 2 0 0 0 0 0 0 0 0 0 0 0 6 3 4 1 0 2 2 3 2 0 0 0 0 
0 0 0 0 1 4 4 2 4 3 5 5 3 3 1 0 0 0 9 7 2 0 0 0 1 2 1 2 1 2 1 2 2 2 1 
3 5 5 7 5 5 5 4 4 4 1 1 1 2 2 0 0 0 0 0 0 1 7 14 10 7 5 3 3 2 2 0 0 0 0 
2 4 3 0 1 1 1 3 2 0 0 0 0 0 0 0 0 0 0 0 0 0 4 2 0 0 0 0 1 2 2 2 2 0 2 
0 0 0 0 0 0 3 4 4 4 3 3 2 2 0 0 0 0 0 6 0 0 3 1 1 3 8 3 0 0 0 0 0 0 0 
0 0 0 0 0 0 2 4 3 2 2 1 0 0 1 0 0 0 0 5 0 0 1 1 1 2 1 2 1 0 0 1 0 0 0 
0 0 0 0 0 1 1 1 1 1 2 2 1 0 0 0 0 0 0 8 2 0 0 0 0 0 0 0 0 0 0 0 0 0 0 
9 4 4 3 4 8 7 6 7 2 3 3 1 2 2 0 0 0 3 7 3 1 2 3 2 2 1 2 0 9 6 4 6 11 3 
3 0 2 1 0 0 2 6 1 0 0 1 0 0 0 0 0 0 1 4 2 0 0 0 1 1 1 2 2 2 0 0 0 0 0 
3 4 7 6 5 3 4 3 3 2 4 2 2 1 0 0 0 0 0 0 0 2 7 6 6 6 4 2 2 4 3 3 0 2 2 
3 2 2 2 2 7 5 4 2 3 3 3 1 1 1 0 0 0 3 8 6 5 3 3 2 2 1 2 0 0 0 0 1 5 0 
0 0 1 2 0 1 1 3 2 1 0 0 0 0 0 0 0 0 0 0 3 1 1 3 0 0 0 1 2 0 0 0 0 0 0 
0 0 0 0 0 0 2 3 2 4 2 2 0 0 0 0 0 0 0 5 0 0 4 1 0 0 1 2 1 0 0 1 0 0 0 
0 0 0 0 0 0 5 4 3 2 3 2 2 0 0 0 0 0 0 7 2 2 1 1 1 3 2 2 0 0 0 0 0 0 0 
0 0 0 0 0 0 5 6 3 2 3 3 2 0 0 0 0 0 1 7 3 2 1 1 1 2 2 2 2 0 0 0 0 0 0 
4 5 6 7 5 3 3 4 3 1 1 0 0 0 0 0 0 0 0 0 0 0 5 2 2 8 7 2 0 0 2 4 5 2 3 
0 3 3 1 3 3 2 3 2 0 0 0 0 3 3 0 0 0 2 1 0 0 5 2 2 1 1 4 2 2 2 2 0 0 0 
0 0 0 0 0 0 5 6 3 2 3 3 3 0 0 0 0 0 2 7 3 2 1 1 1 2 2 2 2 0 0 0 0 0 0 
0 0 0 0 1 2 2 3 3 3 2 3 3 1 1 0 0 0 2 8 5 3 0 0 0 1 1 0 0 0 0 1 2 0 1 
0 0 0 1 1 4 6 8 5 6 5 4 2 6 7 0 0 4 9 7 4 4 1 5 3 2 1 0 0 0 2 6 6 1 0 
1 1 4 5 4 3 2 4 5 4 2 0 4 3 3 0 0 2 3 5 5 2 0 0 1 4 9 9 5 0 0 0 0 0 0 
