0 0 0 0 0 1 5 8 5 3 2 2 3 0 0 0 0 0 3 1 1 2 2 2 2 2 3 3 8 0 0 0 0 0 0 
4 6 6 8 5 7 6 4 4 1 0 1 2 0 0 0 0 0 0 0 1 4 1 2 7 10 5 1 1 2 5 6 3 4 2 
1 4 3 4 3 6 9 7 4 2 5 4 2 1 2 0 0 1 3 1 2 2 1 3 4 3 4 7 5 4 3 2 3 3 6 
0 1 3 6 7 6 3 4 2 1 0 0 0 0 2 0 0 0 0 4 2 2 2 3 2 2 3 6 6 2 0 1 0 0 0 
0 0 0 0 0 1 4 8 4 1 0 0 0 0 0 0 0 0 3 1 2 2 1 1 1 2 1 1 3 0 0 0 0 0 0 
0 0 0 0 0 1 4 8 6 4 4 5 6 2 2 3 4 0 4 2 6 5 2 1 1 2 1 3 8 0 0 0 0 0 0 
0 0 0 0 0 2 5 10 6 4 1 0 0 0 0 0 0 0 4 2 2 2 1 1 2 2 3 4 5 0 0 0 0 0 0 
0 0 0 0 0 1 7 10 5 2 1 0 0 0 0 0 0 0 4 2 2 2 1 2 2 2 2 2 4 0 0 0 0 0 1 
0 0 0 0 0 0 3 5 4 1 0 0 1 1 1 0 0 0 2 1 1 2 1 1 2 4 1 0 0 0 0 0 0 0 1 
1 0 0 1 2 6 6 4 2 2 3 2 2 2 4 0 0 0 3 1 3 3 1 1 1 1 2 5 3 3 3 1 1 1 4 
0 2 2 3 4 9 12 8 5 6 6 4 3 1 2 0 0 2 3 4 4 4 5 5 3 2 3 9 8 10 3 2 0 0 0 
0 0 0 2 3 6 10 5 4 3 4 2 1 1 1 0 0 0 3 2 2 1 2 2 2 5 8 11 3 1 0 0 0 0 0 
5 7 3 4 3 7 10 8 4 3 4 4 4 4 4 0 0 1 3 1 2 2 2 3 4 5 7 10 10 7 6 5 4 2 0 
4 5 6 10 10 9 8 7 5 2 1 2 1 2 2 0 0 0 2 6 4 4 2 3 5 6 6 5 8 9 3 1 4 4 2 
1 1 1 3 3 6 9 7 4 2 2 2 1 2 3 0 0 1 3 1 2 2 2 2 2 6 7 11 6 0 0 1 1 0 0 
4 5 8 9 5 4 3 1 1 1 2 0 0 0 0 0 0 0 0 0 1 4 2 2 1 2 2 2 2 3 11 5 1 3 2 
2 1 4 6 7 5 4 6 4 3 2 2 4 3 3 0 0 1 7 4 2 2 4 5 4 4 3 4 7 4 3 2 0 0 0 
2 4 4 4 3 3 2 1 0 0 0 1 2 4 3 0 0 0 0 0 0 3 1 2 1 2 1 2 1 2 2 4 5 3 4 
7 8 11 9 4 4 4 3 2 1 1 1 2 1 0 0 0 0 1 1 2 6 6 7 9 4 2 2 2 2 5 5 0 2 2 
7 9 9 10 8 6 5 5 2 1 2 0 2 3 3 0 1 2 3 2 3 6 2 6 9 6 3 2 1 3 11 8 4 0 0 
0 0 0 0 0 1 3 8 6 2 1 2 2 1 1 0 0 0 3 1 2 2 1 1 1 2 1 3 4 2 0 4 0 0 0 
0 1 4 5 7 3 2 4 2 0 0 0 0 0 0 0 0 0 1 4 1 2 1 1 2 2 2 2 6 4 0 0 0 0 0 
1 2 1 2 3 7 9 6 3 3 1 1 2 1 0 0 0 2 10 4 4 4 1 2 2 1 2 7 3 0 0 0 0 0 0 
4 5 8 7 5 5 5 9 5 1 1 1 1 1 0 0 1 1 0 0 1 6 4 9 11 5 3 2 2 4 4 5 0 0 0 
0 1 5 8 7 5 4 3 4 2 1 1 1 1 2 0 0 0 0 4 2 2 1 2 2 4 3 7 4 7 2 0 1 2 2 
1 1 3 6 7 4 3 4 2 0 1 1 1 2 5 0 0 0 1 4 2 2 1 2 2 2 2 2 7 6 2 4 1 0 1 
5 6 7 8 7 8 7 5 2 2 2 2 2 3 2 0 0 0 0 0 4 6 10 9 4 2 1 2 2 3 9 11 5 0 0 
2 4 3 3 3 1 1 1 1 1 1 1 1 1 2 9 1 0 0 0 0 2 1 2 1 2 1 2 1 2 2 0 0 0 0 
0 0 0 0 0 1 6 10 7 5 4 4 5 1 2 0 2 5 5 3 3 3 3 2 2 2 3 4 8 0 0 0 0 0 0 
1 2 5 8 8 5 1 1 2 1 2 3 2 1 2 0 0 0 0 3 1 2 3 3 2 2 2 2 4 2 1 0 8 5 4 
