0.0 0.041666666666666664 0.041666666666666664 0.0 0.0 0.041666666666666664 0.25 0.0 0.0 0.125 0.08333333333333333 0.0 0.0 0.2916666666666667 0.08333333333333333 0.041666666666666664 0.0625 
0.0 0.0 0.0 0.0 0.041666666666666664 0.08333333333333333 0.0 0.0 0.20833333333333334 0.20833333333333334 0.041666666666666664 0.0 0.375 0.16666666666666666 0.08333333333333333 0.125 0.08333333333333333 
0.0 0.08333333333333333 0.0 0.0 0.0 0.20833333333333334 0.125 0.0 0.25 0.3333333333333333 0.0 0.0 0.16666666666666666 0.5 0.20833333333333334 0.041666666666666664 0.11979166666666667 
0.0 0.0 0.0 0.0 0.0 0.2916666666666667 0.0 0.0 0.20833333333333334 0.3333333333333333 0.0 0.0 0.25 0.125 0.125 0.0 0.08333333333333333 
0.0 0.0 0.0 0.0 0.0 0.0 0.2916666666666667 0.0 0.0 0.125 0.08333333333333333 0.0 0.0 0.25 0.0 0.0 0.046875 
0.0 0.0 0.08333333333333333 0.16666666666666666 0.0 0.0 0.3333333333333333 0.20833333333333334 0.0 0.125 0.16666666666666666 0.08333333333333333 0.0 0.3333333333333333 0.041666666666666664 0.125 0.10416666666666667 
0.0 0.0 0.0 0.0 0.0 0.041666666666666664 0.3333333333333333 0.0 0.0 0.125 0.16666666666666666 0.0 0.0 0.4166666666666667 0.16666666666666666 0.125 0.0859375 
0.0 0.0 0.0 0.0 0.0 0.041666666666666664 0.3333333333333333 0.0 0.0 0.125 0.125 0.0 0.0 0.2916666666666667 0.041666666666666664 0.125 0.06770833333333333 
0.0 0.0 0.0 0.0 0.0 0.0 0.25 0.0 0.0 0.08333333333333333 0.125 0.08333333333333333 0.0 0.25 0.041666666666666664 0.25 0.06770833333333333 
0.0 0.08333333333333333 0.0 0.0 0.0 0.25 0.125 0.0 0.0 0.2916666666666667 0.041666666666666664 0.0 0.25 0.3333333333333333 0.125 0.0 0.09375 
0.0 0.08333333333333333 0.08333333333333333 0.0 0.0 0.375 0.2916666666666667 0.0 0.0 0.375 0.041666666666666664 0.25 0.20833333333333334 0.4583333333333333 0.20833333333333334 0.041666666666666664 0.15104166666666666 
0.0 0.08333333333333333 0.041666666666666664 0.0 0.0 0.16666666666666666 0.125 0.0 0.0 0.25 0.0 0.0 0.125 0.4583333333333333 0.4166666666666667 0.2916666666666667 0.12239583333333333 
0.0 0.08333333333333333 0.0 0.0 0.041666666666666664 0.20833333333333334 0.125 0.0 0.20833333333333334 0.3333333333333333 0.0 0.0 0.5416666666666666 0.4583333333333333 0.20833333333333334 0.041666666666666664 0.140625 
0.0 0.0 0.0 0.0 0.20833333333333334 0.375 0.0 0.0 0.20833333333333334 0.3333333333333333 0.0 0.0 0.3333333333333333 0.4583333333333333 0.20833333333333334 0.0 0.1328125 
0.0 0.08333333333333333 0.0 0.0 0.0 0.20833333333333334 0.125 0.0 0.0 0.375 0.0 0.0 0.2916666666666667 0.5833333333333334 0.3333333333333333 0.20833333333333334 0.13802083333333334 
0.0 0.0 0.0 0.0 0.041666666666666664 0.125 0.0 0.0 0.08333333333333333 0.2916666666666667 0.0 0.0 0.3333333333333333 0.0 0.0 0.0 0.0546875 
0.041666666666666664 0.08333333333333333 0.0 0.0 0.0 0.375 0.041666666666666664 0.0 0.08333333333333333 0.3333333333333333 0.041666666666666664 0.0 0.25 0.041666666666666664 0.20833333333333334 0.0 0.09375 
0.0 0.0 0.0 0.0 0.0 0.041666666666666664 0.0 0.0 0.08333333333333333 0.16666666666666666 0.0 0.0 0.25 0.0 0.125 0.0 0.041666666666666664 
0.0 0.0 0.0 0.0 0.2916666666666667 0.125 0.0 0.0 0.4583333333333333 0.4166666666666667 0.25 0.041666666666666664 0.3333333333333333 0.0 0.0 0.08333333333333333 0.125 
0.16666666666666666 0.0 0.0 0.0 0.041666666666666664 0.3333333333333333 0.08333333333333333 0.0 0.20833333333333334 0.4166666666666667 0.125 0.20833333333333334 0.2916666666666667 0.0 0.041666666666666664 0.16666666666666666 0.13020833333333334 
0.0 0.0 0.0 0.0 0.0 0.0 0.3333333333333333 0.0 0.0 0.125 0.125 0.0 0.0 0.4166666666666667 0.041666666666666664 0.125 0.07291666666666667 
0.0 0.0 0.0 0.0 0.0 0.2916666666666667 0.0 0.0 0.08333333333333333 0.25 0.0 0.0 0.2916666666666667 0.041666666666666664 0.0 0.0 0.059895833333333336 
0.125 0.125 0.041666666666666664 0.0 0.041666666666666664 0.375 0.20833333333333334 0.20833333333333334 0.0 0.3333333333333333 0.0 0.041666666666666664 0.0 0.2916666666666667 0.20833333333333334 0.0 0.125 
0.0 0.0 0.0 0.0 0.08333333333333333 0.20833333333333334 0.08333333333333333 0.0 0.3333333333333333 0.5 0.2916666666666667 0.08333333333333333 0.3333333333333333 0.0 0.16666666666666666 0.041666666666666664 0.1328125 
0.0 0.0 0.0 0.0 0.0 0.5 0.041666666666666664 0.0 0.08333333333333333 0.25 0.0 0.0 0.2916666666666667 0.20833333333333334 0.25 0.08333333333333333 0.10677083333333333 
0.0 0.0 0.0 0.0 0.0 0.3333333333333333 0.0 0.0 0.08333333333333333 0.25 0.0 0.0 0.2916666666666667 0.041666666666666664 0.041666666666666664 0.041666666666666664 0.06770833333333333 
0.0 0.0 0.0 0.0 0.3333333333333333 0.125 0.0 0.0 0.20833333333333334 0.4166666666666667 0.3333333333333333 0.08333333333333333 0.08333333333333333 0.25 0.041666666666666664 0.16666666666666666 0.12760416666666666 
0.0 0.041666666666666664 0.16666666666666666 0.20833333333333334 0.0 0.041666666666666664 0.0 0.0 0.08333333333333333 0.20833333333333334 0.0 0.0 0.25 0.0 0.0 0.0 0.0625 
0.0 0.0 0.375 0.25 0.0 0.041666666666666664 0.3333333333333333 0.041666666666666664 0.0 0.125 0.16666666666666666 0.0 0.0 0.2916666666666667 0.041666666666666664 0.125 0.11197916666666667 
0.0 0.0 0.0 0.0 0.0 0.25 0.0 0.0 0.25 0.3333333333333333 0.08333333333333333 0.08333333333333333 0.25 0.041666666666666664 0.041666666666666664 0.0 0.08333333333333333 
