0 0 0 3 4 5 4 4 6 8 6 2 2 3 2 0 0 0 2 2 0 5 4 5 6 7 8 7 3 0 0 0 0 0 0 
0 0 2 3 3 1 0 2 7 11 3 1 0 3 3 0 0 0 0 2 1 1 1 2 2 4 5 9 4 2 0 1 2 1 2 
0 0 1 2 0 2 3 1 4 11 3 0 0 0 0 0 0 0 2 2 2 2 3 4 2 1 2 4 3 0 0 0 0 0 0 
0 3 7 6 5 1 1 1 4 13 3 1 1 1 1 0 1 2 4 3 2 2 2 2 1 1 3 5 6 2 3 4 4 1 0 
0 0 0 4 5 3 4 3 6 7 4 0 0 0 0 0 0 0 0 0 0 5 3 4 3 4 4 7 2 0 0 0 0 0 4 
1 0 2 2 3 9 10 0 0 0 0 0 0 0 0 0 0 0 0 0 0 0 2 3 2 3 4 3 3 2 2 3 0 0 0 
2 1 2 2 3 8 10 0 0 0 0 0 0 2 2 0 0 0 0 0 2 3 2 3 2 2 4 5 3 2 1 3 0 0 0 
0 0 0 0 1 2 3 3 1 4 8 6 1 1 4 0 0 0 1 2 1 1 1 4 5 2 2 3 8 1 0 0 0 1 2 
2 4 7 5 3 3 6 7 7 2 2 0 0 0 3 0 0 0 0 0 0 0 5 5 5 5 8 11 7 0 2 2 1 0 0 
4 2 4 3 4 8 15 12 4 2 2 3 1 4 3 0 0 2 7 4 1 2 7 13 5 2 4 6 4 3 3 4 1 2 1 
0 0 0 0 4 7 2 2 0 4 8 5 0 0 2 0 0 0 2 2 1 2 4 6 6 3 2 4 2 0 0 0 0 0 0 
0 0 0 3 4 2 2 2 5 6 3 0 1 1 1 0 0 0 0 0 0 5 5 3 2 4 4 4 2 0 0 0 1 0 0 
4 2 3 4 4 5 5 2 1 1 1 1 1 1 2 0 0 0 0 0 0 0 1 5 2 5 3 3 3 3 5 7 0 0 0 
1 2 2 3 3 4 6 2 5 12 4 1 0 0 0 0 0 0 2 2 2 2 4 4 4 2 5 11 3 0 0 2 1 1 0 
3 2 2 4 3 4 5 7 8 10 7 4 3 3 4 0 0 3 5 7 4 5 8 6 5 6 13 7 0 0 0 0 0 0 0 
0 0 0 0 0 5 4 2 1 3 6 4 2 0 0 0 0 0 0 0 0 2 3 4 4 3 3 3 4 0 0 0 1 0 0 
0 0 0 0 2 5 2 0 0 2 5 5 3 1 0 0 0 0 0 0 0 2 2 2 4 2 4 4 1 0 0 0 0 2 2 
0 0 1 4 5 4 3 2 5 6 2 0 0 0 0 0 0 0 0 0 0 0 5 3 2 4 4 5 0 0 0 0 0 0 9 
1 3 3 2 5 3 7 12 2 2 2 2 1 1 2 0 0 0 0 1 2 3 2 2 5 3 2 2 4 3 1 1 5 7 5 
0 0 1 3 1 3 4 2 6 10 8 1 3 1 1 0 1 1 3 3 3 2 4 5 3 4 5 5 2 3 0 0 0 0 0 
3 1 5 4 5 11 10 1 0 0 0 0 2 2 1 0 0 0 0 0 0 2 2 3 5 6 7 4 3 2 1 4 1 2 3 
0 0 0 1 2 6 6 2 3 7 8 4 3 3 3 0 0 0 2 3 4 5 8 7 6 3 3 3 4 0 0 0 0 0 0 
3 3 4 4 7 4 5 3 4 7 3 2 3 3 3 0 0 1 2 2 3 2 2 7 8 9 7 9 5 1 0 0 0 0 0 
0 0 0 0 0 3 2 2 0 2 5 5 1 1 1 0 0 0 0 0 0 0 3 3 3 3 3 3 2 2 0 0 0 0 0 
1 1 2 4 5 4 3 3 6 7 4 0 0 0 1 1 0 0 0 0 0 4 2 3 2 4 4 5 4 4 3 3 2 0 0 
4 4 2 2 4 4 5 11 1 0 0 0 0 1 1 0 0 0 0 1 2 2 2 2 5 2 3 3 3 3 1 0 1 2 7 
2 2 4 6 8 4 4 3 5 6 4 2 1 0 0 0 0 0 0 0 0 5 3 3 2 4 5 7 3 2 0 0 3 5 9 
0 0 0 0 0 5 3 0 0 3 6 3 0 0 0 0 0 0 0 0 0 0 1 3 4 2 3 3 4 0 0 0 0 0 0 
4 4 5 3 2 3 5 7 5 1 1 1 1 1 1 0 0 0 0 0 0 0 3 2 3 5 8 8 6 4 2 0 0 1 2 
0 0 1 1 1 6 3 2 2 4 7 5 4 2 2 0 0 0 0 1 1 8 2 5 7 4 7 3 2 0 0 0 0 0 0 
0 0 0 0 2 9 9 2 0 0 0 0 1 1 2 0 0 0 0 0 2 1 2 5 4 3 2 3 1 0 1 2 0 0 0 
0 0 0 1 2 4 3 3 3 5 10 9 1 0 0 0 0 0 2 3 3 3 2 5 6 3 3 4 7 0 0 0 0 0 0 
3 7 7 5 5 7 9 8 5 3 1 3 4 3 4 0 0 1 4 0 0 0 5 7 8 8 5 4 7 2 2 2 5 8 6 
3 4 2 2 4 3 8 15 3 4 5 4 5 3 4 0 8 8 1 1 2 3 2 2 5 3 2 3 4 3 4 8 8 2 0 
0 0 3 2 2 7 10 0 0 0 0 0 0 2 1 0 0 0 0 0 1 3 2 3 2 2 4 3 2 1 1 2 0 0 1 
0 0 0 0 0 5 4 0 0 3 6 4 1 0 0 0 0 0 0 0 0 2 1 3 4 3 3 3 4 0 0 0 0 0 0 
1 2 2 2 3 3 4 4 8 12 3 1 0 0 0 0 0 0 2 2 6 5 3 4 3 2 2 4 4 2 0 0 2 2 2 
2 1 2 3 4 9 11 1 2 0 0 0 2 1 0 0 0 0 0 0 0 1 2 3 2 3 4 5 4 5 4 5 0 0 0 
0 1 3 5 6 5 6 3 7 10 7 4 1 1 0 0 1 2 3 1 3 6 2 2 3 10 10 6 6 4 0 0 0 0 0 
5 4 3 4 5 6 4 2 1 0 0 2 1 1 0 0 0 0 0 0 0 0 0 1 6 5 4 3 3 5 9 2 0 0 0 
0 0 0 0 0 0 2 2 0 3 6 3 0 0 0 0 0 0 0 2 1 1 1 4 5 2 0 0 0 0 0 0 0 0 0 
4 7 5 4 5 7 6 3 1 2 2 1 2 1 2 0 0 0 0 0 0 0 0 0 1 7 5 5 6 8 9 6 5 0 0 
3 2 3 4 5 8 10 1 1 1 2 2 3 2 2 0 0 0 0 0 0 0 2 3 2 3 6 5 5 5 6 7 4 1 0 
1 2 1 1 2 2 6 11 1 0 0 0 0 0 0 0 0 0 0 1 2 3 1 2 5 3 2 3 2 3 0 0 0 0 0 
1 4 5 4 4 5 6 6 3 1 1 2 0 1 2 0 0 0 0 1 2 1 5 2 5 6 5 4 5 1 3 1 3 1 0 
2 0 1 2 1 2 4 3 6 6 3 2 2 3 3 0 0 0 1 1 0 5 2 3 3 5 4 7 4 2 0 0 0 3 0 
1 4 4 3 3 3 6 6 5 0 0 0 0 0 1 0 0 0 0 0 0 1 5 4 4 4 3 9 5 1 0 0 0 0 0 
3 3 5 4 5 8 12 2 1 1 2 2 2 2 2 0 0 0 1 1 2 5 4 3 3 4 5 6 5 4 3 5 2 1 0 
0 0 0 1 2 3 2 3 2 4 9 6 1 0 0 0 0 0 2 2 2 2 2 3 5 2 2 4 7 0 0 0 0 0 0 
0 0 0 0 1 0 1 0 0 4 9 6 1 0 0 0 0 0 2 2 1 1 1 2 4 1 1 3 4 0 0 0 0 0 0 
0 0 0 0 0 3 2 2 2 2 6 3 1 0 0 0 0 0 0 0 0 0 4 4 5 2 4 2 0 0 0 0 0 0 0 
0 0 0 0 0 5 3 0 0 2 4 3 0 0 0 0 0 0 0 0 0 0 1 2 4 2 3 3 2 0 0 0 0 0 0 
2 2 3 4 4 9 11 1 1 1 1 2 2 2 2 0 0 0 0 0 0 1 2 3 2 3 4 5 7 5 9 6 0 0 0 
4 3 3 1 4 5 5 2 2 2 2 2 2 3 1 0 0 0 0 0 0 0 0 0 0 3 2 3 5 8 10 4 5 1 0 
2 1 3 3 3 10 11 0 0 0 0 0 0 0 0 0 0 0 0 0 0 1 2 3 3 3 4 7 3 2 2 3 0 0 0 
0 0 0 0 1 5 3 4 4 5 7 6 2 0 0 0 0 0 0 2 2 2 5 4 5 4 3 7 3 0 0 0 0 0 0 
0 0 0 0 1 0 0 2 4 5 3 0 0 0 0 0 0 0 0 0 0 0 1 2 4 3 3 2 0 0 0 0 0 0 0 
0 0 1 2 2 1 3 1 3 11 2 0 0 0 0 0 0 0 2 2 2 2 2 3 2 1 2 5 3 0 0 0 0 0 0 
1 2 1 1 2 5 3 1 1 5 7 5 2 1 1 0 0 0 0 0 0 2 1 3 4 2 3 3 2 2 4 6 5 1 0 
0 0 0 3 4 3 2 4 4 8 6 2 1 0 1 0 0 0 2 2 0 0 2 2 4 5 6 8 4 0 0 0 0 1 2 
0 0 1 1 3 6 4 1 0 2 5 3 0 0 1 0 0 0 0 0 0 0 2 2 4 2 4 6 4 2 0 0 0 0 1 
0 0 0 3 4 3 4 4 7 9 6 3 3 2 2 0 0 0 4 4 10 5 3 4 3 4 4 7 2 0 0 0 0 0 0 
0 0 1 4 2 4 4 2 4 9 4 4 2 2 2 0 0 0 0 2 2 2 3 4 5 8 8 8 2 0 0 0 0 0 0 
0 0 0 3 4 3 3 4 7 7 4 1 2 1 2 0 0 0 0 0 0 5 6 6 6 4 4 7 2 0 1 0 0 0 0 
1 2 4 3 3 9 7 2 2 2 1 1 0 0 0 0 0 0 0 0 0 0 8 4 6 4 7 3 1 1 1 2 0 0 0 
0 0 1 2 4 5 7 8 1 1 1 1 1 1 1 11 0 0 0 1 2 2 0 1 4 6 3 1 2 1 0 0 0 0 0 
0 0 0 1 2 1 2 5 1 0 0 0 0 0 0 0 0 0 0 1 2 0 0 1 3 0 0 1 2 2 0 0 0 0 0 
1 2 1 0 0 2 4 11 2 1 0 0 1 1 1 0 0 0 0 1 2 2 1 1 2 2 2 2 3 1 5 3 0 0 0 
2 1 0 2 3 9 9 1 0 0 0 0 0 0 0 0 0 0 0 0 0 0 2 4 4 1 3 3 2 2 1 2 0 1 2 
1 4 3 5 3 2 3 4 6 13 7 2 1 0 0 0 0 0 2 3 4 5 7 5 5 5 2 4 2 0 0 1 3 3 3 
