0.0 0.0 0.0 0.0 0.0 0.041666666666666664 0.0 0.125 0.08333333333333333 0.4166666666666667 0.3333333333333333 0.0 0.08333333333333333 0.3333333333333333 0.625 0.125 0.13541666666666666 
0.0 0.0 0.0 0.0 0.0 0.0 0.375 0.0 0.0 0.041666666666666664 0.2916666666666667 0.0 0.16666666666666666 0.2916666666666667 0.4166666666666667 0.0 0.09895833333333333 
0.0 0.0 0.0 0.0 0.0 0.08333333333333333 0.3333333333333333 0.0 0.0 0.08333333333333333 0.375 0.041666666666666664 0.125 0.0 0.25 0.0 0.08072916666666667 
0.20833333333333334 0.0 0.0 0.0 0.25 0.08333333333333333 0.2916666666666667 0.0 0.125 0.20833333333333334 0.25 0.0 0.20833333333333334 0.16666666666666666 0.25 0.0 0.12760416666666666 
0.0 0.0 0.0 0.0 0.0 0.041666666666666664 0.0 0.0 0.0 0.3333333333333333 0.2916666666666667 0.0 0.08333333333333333 0.2916666666666667 0.3333333333333333 0.0 0.0859375 
0.0 0.0 0.0 0.0 0.0 0.0 0.0 0.0 0.041666666666666664 0.2916666666666667 0.0 0.0 0.16666666666666666 0.375 0.0 0.0 0.0546875 
0.0 0.0 0.0 0.0 0.0 0.0 0.0 0.125 0.041666666666666664 0.2916666666666667 0.0 0.0 0.25 0.2916666666666667 0.0 0.0 0.0625 
0.0 0.0 0.0 0.0 0.0 0.0 0.4166666666666667 0.0 0.0 0.08333333333333333 0.4166666666666667 0.0 0.08333333333333333 0.16666666666666666 0.08333333333333333 0.08333333333333333 0.08333333333333333 
0.0 0.0 0.0 0.0 0.0 0.0 0.0 0.0 0.25 0.2916666666666667 0.16666666666666666 0.0 0.4583333333333333 0.4166666666666667 0.5 0.125 0.13802083333333334 
0.0 0.08333333333333333 0.08333333333333333 0.0 0.0 0.25 0.125 0.20833333333333334 0.25 0.5 0.25 0.25 0.20833333333333334 0.4166666666666667 0.08333333333333333 0.0 0.16927083333333334 
0.0 0.0 0.0 0.0 0.0 0.041666666666666664 0.375 0.0 0.0 0.20833333333333334 0.2916666666666667 0.0 0.0 0.2916666666666667 0.08333333333333333 0.08333333333333333 0.0859375 
0.0 0.0 0.0 0.0 0.0 0.041666666666666664 0.125 0.0 0.0 0.3333333333333333 0.2916666666666667 0.0 0.08333333333333333 0.2916666666666667 0.2916666666666667 0.0 0.09114583333333333 
0.0 0.0 0.0 0.0 0.0 0.0 0.0 0.0 0.041666666666666664 0.041666666666666664 0.0 0.125 0.2916666666666667 0.2916666666666667 0.0 0.0 0.049479166666666664 
0.0 0.0 0.0 0.0 0.0 0.08333333333333333 0.3333333333333333 0.0 0.0 0.16666666666666666 0.3333333333333333 0.0 0.2916666666666667 0.2916666666666667 0.4583333333333333 0.041666666666666664 0.125 
0.125 0.16666666666666666 0.0 0.0 0.0 0.125 0.4166666666666667 0.20833333333333334 0.0 0.2916666666666667 0.5416666666666666 0.0 0.25 0.20833333333333334 0.4583333333333333 0.4583333333333333 0.203125 
0.0 0.0 0.0 0.0 0.0 0.0 0.0 0.041666666666666664 0.0 0.16666666666666666 0.25 0.2916666666666667 0.0 0.25 0.4166666666666667 0.041666666666666664 0.09114583333333333 
0.0 0.0 0.0 0.0 0.0 0.0 0.0 0.0 0.0 0.16666666666666666 0.16666666666666666 0.08333333333333333 0.0 0.375 0.375 0.041666666666666664 0.07552083333333333 
0.0 0.0 0.0 0.0 0.0 0.08333333333333333 0.0 0.0 0.0 0.375 0.375 0.0 0.041666666666666664 0.25 0.3333333333333333 0.0 0.09114583333333333 
0.0 0.0 0.0 0.0 0.0 0.25 0.125 0.0 0.041666666666666664 0.4166666666666667 0.16666666666666666 0.0 0.20833333333333334 0.16666666666666666 0.16666666666666666 0.0 0.09635416666666667 
0.0 0.0 0.0 0.08333333333333333 0.0 0.08333333333333333 0.375 0.041666666666666664 0.16666666666666666 0.08333333333333333 0.375 0.0 0.125 0.2916666666666667 0.3333333333333333 0.0 0.12239583333333333 
0.0 0.0 0.0 0.0 0.0 0.0 0.0 0.0 0.041666666666666664 0.375 0.0 0.0 0.25 0.3333333333333333 0.16666666666666666 0.20833333333333334 0.0859375 
0.041666666666666664 0.0 0.0 0.08333333333333333 0.041666666666666664 0.20833333333333334 0.20833333333333334 0.041666666666666664 0.0 0.16666666666666666 0.3333333333333333 0.5 0.0 0.25 0.4583333333333333 0.041666666666666664 0.1484375 
0.08333333333333333 0.0 0.0 0.0 0.16666666666666666 0.16666666666666666 0.041666666666666664 0.0 0.2916666666666667 0.16666666666666666 0.5 0.16666666666666666 0.16666666666666666 0.375 0.4583333333333333 0.16666666666666666 0.171875 
0.0 0.0 0.0 0.0 0.0 0.0 0.0 0.0 0.0 0.08333333333333333 0.20833333333333334 0.08333333333333333 0.0 0.375 0.4166666666666667 0.041666666666666664 0.07552083333333333 
0.0 0.0 0.0 0.041666666666666664 0.0 0.0 0.0 0.0 0.0 0.3333333333333333 0.2916666666666667 0.0 0.041666666666666664 0.2916666666666667 0.3333333333333333 0.0 0.08333333333333333 
0.0 0.0 0.0 0.0 0.0 0.16666666666666666 0.125 0.0 0.041666666666666664 0.375 0.16666666666666666 0.0 0.125 0.16666666666666666 0.16666666666666666 0.041666666666666664 0.0859375 
0.0 0.0 0.0 0.0 0.0 0.0 0.125 0.0 0.0 0.3333333333333333 0.2916666666666667 0.0 0.125 0.3333333333333333 0.3333333333333333 0.0 0.09635416666666667 
0.0 0.0 0.0 0.0 0.0 0.0 0.0 0.0 0.0 0.125 0.25 0.125 0.0 0.25 0.3333333333333333 0.041666666666666664 0.0703125 
0.0 0.0 0.0 0.0 0.0 0.0 0.0 0.0 0.041666666666666664 0.041666666666666664 0.08333333333333333 0.0 0.4166666666666667 0.4166666666666667 0.08333333333333333 0.0 0.06770833333333333 
0.0 0.0 0.0 0.0 0.0 0.16666666666666666 0.125 0.08333333333333333 0.0 0.2916666666666667 0.5 0.25 0.0 0.3333333333333333 0.375 0.2916666666666667 0.15104166666666666 
0.0 0.0 0.0 0.0 0.0 0.08333333333333333 0.0 0.08333333333333333 0.125 0.4166666666666667 0.0 0.0 0.125 0.3333333333333333 0.25 0.125 0.09635416666666667 
0.0 0.0 0.0 0.0 0.0 0.0 0.4166666666666667 0.0 0.0 0.16666666666666666 0.4583333333333333 0.08333333333333333 0.0 0.25 0.125 0.16666666666666666 0.10416666666666667 
0.08333333333333333 0.041666666666666664 0.16666666666666666 0.08333333333333333 0.0 0.0 0.0 0.041666666666666664 0.2916666666666667 0.4583333333333333 0.20833333333333334 0.041666666666666664 0.25 0.4583333333333333 0.041666666666666664 0.16666666666666666 0.14583333333333334 
0.125 0.20833333333333334 0.16666666666666666 0.16666666666666666 0.0 0.25 0.125 0.0 0.041666666666666664 0.4166666666666667 0.16666666666666666 0.0 0.20833333333333334 0.16666666666666666 0.16666666666666666 0.0 0.13802083333333334 
0.0 0.0 0.0 0.0 0.0 0.0 0.041666666666666664 0.0 0.0 0.25 0.041666666666666664 0.0 0.125 0.25 0.0 0.0 0.044270833333333336 
0.0 0.0 0.0 0.0 0.0 0.0 0.0 0.08333333333333333 0.0 0.16666666666666666 0.25 0.125 0.0 0.2916666666666667 0.4166666666666667 0.041666666666666664 0.0859375 
0.0 0.0 0.0 0.0 0.0 0.125 0.4166666666666667 0.0 0.0 0.0 0.375 0.0 0.16666666666666666 0.0 0.25 0.0 0.08333333333333333 
0.0 0.0 0.0 0.0 0.0 0.041666666666666664 0.0 0.0 0.041666666666666664 0.3333333333333333 0.0 0.0 0.2916666666666667 0.16666666666666666 0.0 0.0 0.0546875 
0.0 0.08333333333333333 0.0 0.0 0.0 0.041666666666666664 0.25 0.08333333333333333 0.0 0.25 0.25 0.125 0.20833333333333334 0.5416666666666666 0.625 0.125 0.16145833333333334 
0.0 0.0 0.0 0.0 0.0 0.0 0.0 0.0 0.041666666666666664 0.125 0.0 0.16666666666666666 0.3333333333333333 0.16666666666666666 0.0 0.0 0.052083333333333336 
0.0 0.0 0.0 0.0 0.0 0.0 0.375 0.0 0.0 0.08333333333333333 0.3333333333333333 0.041666666666666664 0.0 0.125 0.125 0.08333333333333333 0.07291666666666667 
0.0 0.0 0.0 0.0 0.0 0.0 0.0 0.125 0.0 0.041666666666666664 0.0 0.0 0.375 0.4166666666666667 0.041666666666666664 0.0 0.0625 
0.0 0.0 0.0 0.0 0.0 0.0 0.0 0.0 0.0 0.20833333333333334 0.0 0.0 0.375 0.2916666666666667 0.0 0.0 0.0546875 
0.0 0.0 0.0 0.0 0.0 0.25 0.0 0.0 0.041666666666666664 0.4166666666666667 0.0 0.0 0.125 0.08333333333333333 0.041666666666666664 0.0 0.059895833333333336 
0.0 0.0 0.0 0.0 0.20833333333333334 0.041666666666666664 0.0 0.0 0.08333333333333333 0.2916666666666667 0.20833333333333334 0.0 0.2916666666666667 0.375 0.041666666666666664 0.16666666666666666 0.10677083333333333 
0.0 0.0 0.0 0.0 0.0 0.16666666666666666 0.125 0.0 0.08333333333333333 0.25 0.20833333333333334 0.0 0.125 0.375 0.4583333333333333 0.041666666666666664 0.11458333333333333 
0.0 0.0 0.0 0.0 0.0 0.0 0.0 0.041666666666666664 0.125 0.25 0.16666666666666666 0.08333333333333333 0.375 0.4583333333333333 0.08333333333333333 0.0 0.09895833333333333 
0.0 0.0 0.0 0.0 0.25 0.08333333333333333 0.0 0.0 0.041666666666666664 0.5 0.0 0.0 0.25 0.4166666666666667 0.16666666666666666 0.0 0.10677083333333333 
0.0 0.0 0.0 0.0 0.0 0.0 0.375 0.0 0.0 0.16666666666666666 0.3333333333333333 0.08333333333333333 0.0 0.25 0.125 0.16666666666666666 0.09375 
0.0 0.0 0.0 0.0 0.0 0.0 0.375 0.0 0.0 0.0 0.2916666666666667 0.0 0.0 0.125 0.08333333333333333 0.08333333333333333 0.059895833333333336 
0.0 0.0 0.0 0.0 0.0 0.0 0.0 0.0 0.0 0.125 0.16666666666666666 0.125 0.0 0.375 0.4166666666666667 0.041666666666666664 0.078125 
0.0 0.0 0.0 0.0 0.0 0.0 0.0 0.0 0.0 0.08333333333333333 0.16666666666666666 0.08333333333333333 0.0 0.20833333333333334 0.2916666666666667 0.041666666666666664 0.0546875 
0.0 0.0 0.0 0.0 0.0 0.0 0.0 0.0 0.041666666666666664 0.20833333333333334 0.0 0.0 0.2916666666666667 0.16666666666666666 0.0 0.0 0.044270833333333336 
0.0 0.0 0.0 0.0 0.0 0.0 0.0 0.0 0.041666666666666664 0.041666666666666664 0.0 0.0 0.25 0.25 0.0 0.0 0.036458333333333336 
0.0 0.0 0.0 0.0 0.0 0.0 0.0 0.0 0.041666666666666664 0.2916666666666667 0.0 0.0 0.3333333333333333 0.4166666666666667 0.0 0.0 0.06770833333333333 
0.0 0.0 0.0 0.0 0.0 0.08333333333333333 0.125 0.0 0.0 0.125 0.25 0.20833333333333334 0.0 0.375 0.375 0.041666666666666664 0.09895833333333333 
0.0 0.0 0.0 0.0 0.0 0.0 0.0 0.0 0.0 0.0 0.16666666666666666 0.0 0.0 0.125 0.4166666666666667 0.0 0.044270833333333336 
0.0 0.0 0.0 0.0 0.0 0.08333333333333333 0.2916666666666667 0.0 0.0 0.08333333333333333 0.2916666666666667 0.0 0.16666666666666666 0.08333333333333333 0.25 0.0 0.078125 
0.0 0.0 0.0 0.0 0.0 0.0 0.0 0.0 0.0 0.16666666666666666 0.16666666666666666 0.125 0.0 0.20833333333333334 0.2916666666666667 0.041666666666666664 0.0625 
0.0 0.041666666666666664 0.08333333333333333 0.0 0.0 0.0 0.125 0.125 0.0 0.125 0.3333333333333333 0.0 0.08333333333333333 0.4583333333333333 0.4166666666666667 0.041666666666666664 0.11458333333333333 
0.0 0.0 0.0 0.0 0.0 0.0 0.0 0.0 0.0 0.08333333333333333 0.20833333333333334 0.125 0.0 0.4166666666666667 0.375 0.041666666666666664 0.078125 
0.0 0.0 0.125 0.0 0.0 0.16666666666666666 0.4166666666666667 0.375 0.0 0.3333333333333333 0.25 0.0 0.08333333333333333 0.2916666666666667 0.5 0.0 0.15885416666666666 
0.0 0.0 0.0 0.0 0.0 0.08333333333333333 0.3333333333333333 0.0 0.0 0.25 0.2916666666666667 0.0 0.041666666666666664 0.16666666666666666 0.375 0.2916666666666667 0.11458333333333333 
0.0 0.0 0.0 0.0 0.0 0.041666666666666664 0.16666666666666666 0.0 0.0 0.3333333333333333 0.4583333333333333 0.25 0.08333333333333333 0.3333333333333333 0.3333333333333333 0.0 0.125 
0.0 0.0 0.0 0.0 0.0 0.0 0.0 0.0 0.125 0.5833333333333334 0.041666666666666664 0.0 0.0 0.3333333333333333 0.08333333333333333 0.20833333333333334 0.0859375 
0.0 0.125 0.16666666666666666 0.16666666666666666 0.0 0.25 0.0 0.0 0.041666666666666664 0.375 0.0 0.0 0.2916666666666667 0.3333333333333333 0.25 0.041666666666666664 0.12760416666666666 
0.0 0.0 0.0 0.0 0.0 0.25 0.0 0.0 0.041666666666666664 0.375 0.0 0.0 0.125 0.08333333333333333 0.0 0.0 0.0546875 
0.0 0.0 0.0 0.0 0.0 0.16666666666666666 0.0 0.0 0.0 0.2916666666666667 0.0 0.0 0.0 0.16666666666666666 0.0 0.0 0.0390625 
0.0 0.0 0.0 0.0 0.0 0.0 0.0 0.0 0.0 0.3333333333333333 0.041666666666666664 0.0 0.125 0.2916666666666667 0.0 0.0 0.049479166666666664 
0.0 0.0 0.0 0.0 0.041666666666666664 0.08333333333333333 0.4166666666666667 0.0 0.20833333333333334 0.3333333333333333 0.4166666666666667 0.0 0.25 0.125 0.375 0.25 0.15625 
